Map from character to field name
A:	3_I
B:	3_II
C:	3_III
D:	3_III_related
E:	3_II_related
F:	3_I_related
G:	3_V_related
H:	?


Substitution rate (mu): 5.176259

Equilibrium frequencies (pi_i):
  A: 0.1616
  B: 0.1388
  C: 0.2146
  D: 0.1014
  E: 0.1201
  F: 0.1359
  G: 0.1277

Symmetrized rates from j->i (W_ij):
	A	B	C	D	E	F	G
  A	0	0.9615	0.8854	0.9823	0.978	2.6129	0.9803
  B	0.9615	0	0.9007	0.9851	1.4715	0.9762	0.9835
  C	0.8854	0.9007	0	2.0399	1.1925	0.9178	0.9318
  D	0.9823	0.9851	2.0399	0	1.2397	0.9955	1.0014
  E	0.978	1.4715	1.1925	1.2397	0	1.492	1.5065
  F	2.6129	0.9762	0.9178	0.9955	1.492	0	1.0033
  G	0.9803	0.9835	0.9318	1.0014	1.5065	1.0033	0

Actual rates from j->i (Q_ij):
	A	B	C	D	E	F	G
  A	0	0.1553	0.143	0.1587	0.158	0.4221	0.1584
  B	0.1334	0	0.125	0.1367	0.2042	0.1355	0.1365
  C	0.19	0.1933	0	0.4377	0.2559	0.1969	0.2
  D	0.0996	0.0999	0.2068	0	0.1257	0.1009	0.1015
  E	0.1174	0.1767	0.1432	0.1489	0	0.1792	0.1809
  F	0.355	0.1326	0.1247	0.1353	0.2027	0	0.1363
  G	0.1252	0.1256	0.119	0.1279	0.1925	0.1282	0
