{
  "generated_by": {
    "program": "augur",
    "version": "24.3.0"
  },
  "models": {
    "Lineage": {
      "alphabet": [
        "3I",
        "3II",
        "3III",
        "3III_A",
        "3III_A.1",
        "3III_A.2",
        "3III_B",
        "3III_B.1",
        "3III_B.2",
        "3III_B.3",
        "3III_C",
        "3III_C.1",
        "3III_C.2",
        "3II_A",
        "3II_A.1",
        "3II_A.2",
        "3II_A.3",
        "3II_B",
        "3I_A",
        "3I_A.1",
        "3I_A.2",
        "3I_B",
        "3I_C",
        "3V",
        "?"
      ],
      "equilibrium_probabilities": [
        0.04184124317870208,
        0.04132837744646477,
        0.03995605865535908,
        0.04134604563673186,
        0.04168213076081181,
        0.04184812614410995,
        0.04083124186297583,
        0.04176899226412904,
        0.0416066830732787,
        0.043186711764041874,
        0.04403280328538131,
        0.043289195864246774,
        0.03951212597982138,
        0.04175800055275839,
        0.041517639151671955,
        0.04135405724458398,
        0.041613704377832184,
        0.04163552548721914,
        0.0427308544209842,
        0.0414139723563139,
        0.04127707419809997,
        0.041721585848532354,
        0.04172440223529832,
        0.04102344821065128
      ],
      "rate": 12.651819524496643,
      "transition_matrix": [
        [
          0.0,
          1.3505968307988159,
          1.3337585953985271,
          1.0010030390002933,
          1.000982716639072,
          1.0006024416127615,
          0.9997819983392022,
          1.0001832297298359,
          1.000558768563794,
          0.997029736648466,
          0.99455182806603,
          0.9943240784604713,
          0.999859417440949,
          0.9997890543556727,
          1.0007700576301797,
          1.0011505307183872,
          1.0005550618932433,
          1.0006679612189582,
          1.5006051017974122,
          1.0006018460111694,
          1.0010745127050207,
          1.5070707701886548,
          1.5080777255189972,
          1.386502935967324
        ],
        [
          1.3505968307988159,
          0.0,
          1.3050127323716734,
          1.0008079988529164,
          1.0008365870856184,
          1.000460468604449,
          0.9996060528324368,
          1.0000469977505322,
          1.0004184981905504,
          0.9969285928610409,
          0.9944272805888718,
          0.9942570581318555,
          0.9997361806674021,
          1.4996987096744632,
          1.000628140752953,
          1.0010043481881143,
          1.0004158850315548,
          1.5007059632642163,
          0.997864134159429,
          1.0003920404055684,
          1.000865430276904,
          1.0006213629943859,
          1.0003143412964022,
          1.1483613250398013
        ],
        [
          1.3337585953985271,
          1.3050127323716734,
          0.0,
          1.503050655335147,
          1.0016082407294258,
          1.00174692442766,
          1.4990233769631953,
          1.0011064359910302,
          1.000569966674987,
          0.9971971928367072,
          1.493253810103538,
          0.994612717566831,
          0.9999068155659687,
          0.9997840194429212,
          1.0007694760287904,
          1.0011329878520252,
          1.0005640537488518,
          1.0006230033827355,
          0.9980940817999142,
          1.0005417442684055,
          1.0009992853519316,
          1.0007512030972205,
          1.000467039071447,
          1.1391431659794966
        ],
        [
          1.0010030390002933,
          1.0008079988529164,
          1.503050655335147,
          0.0,
          1.505228513499661,
          1.503928834904476,
          1.0004940125389055,
          1.0009090097267137,
          1.001277128662455,
          0.9978160599578245,
          0.9951524358822383,
          0.9951433275411393,
          1.000550047476991,
          1.000286014255499,
          1.0014842743378796,
          1.0018575133926013,
          1.0012734607629898,
          1.0011514614924477,
          0.9983901402082361,
          1.0012479371969676,
          1.0017185808342635,
          1.0009450947161649,
          1.0009437141996873,
          1.0023929002508456
        ],
        [
          1.000982716639072,
          1.0008365870856184,
          1.0016082407294258,
          1.505228513499661,
          0.0,
          1.0026327756102524,
          1.000474655355176,
          1.0011178506760405,
          1.0014888113833604,
          0.9980066152234548,
          0.9953198384946177,
          0.9953118864748394,
          1.0007445234423245,
          1.0004901701234474,
          1.0016973880247544,
          1.0020729474752494,
          1.0014852842691417,
          1.0013623538604017,
          0.9985830078230944,
          1.0014585482319565,
          1.0019324776337015,
          1.0011540003965733,
          1.0011531690676412,
          1.0024496294687593
        ],
        [
          1.0006024416127615,
          1.000460468604449,
          1.00174692442766,
          1.503928834904476,
          1.0026327756102524,
          0.0,
          1.000102400396193,
          1.000738962168667,
          1.001112571637049,
          0.9976051269496825,
          0.9949026334867495,
          0.9949009635463363,
          1.0003846063195327,
          1.0001093566962,
          1.0013226195243898,
          1.00170085930762,
          1.0011089701430633,
          1.0009854479267741,
          0.9981872814027931,
          1.0010838343815414,
          1.0015605296321424,
          1.0007756435294615,
          1.0007747817440305,
          1.0020814379300023
        ],
        [
          0.9997819983392022,
          0.9996060528324368,
          1.4990233769631953,
          1.0004940125389055,
          1.000474655355176,
          1.000102400396193,
          0.0,
          1.5014599284412773,
          1.50173059736276,
          1.4951515756331344,
          0.993956096381449,
          0.9939706418376747,
          0.9994081689718802,
          0.9990818924018979,
          1.0002694243249584,
          1.0006419399892634,
          1.0000589122892198,
          0.9999380841974134,
          0.997185200435352,
          1.0000394364559964,
          1.0005071311395046,
          0.9997322228236601,
          0.9997307789310381,
          1.0011767743421636
        ],
        [
          1.0001832297298359,
          1.0000469977505322,
          1.0011064359910302,
          1.0009090097267137,
          1.0011178506760405,
          1.000738962168667,
          1.5014599284412773,
          0.0,
          1.0006962404514816,
          0.9971821210978224,
          0.9944775047541076,
          0.9944836501008932,
          0.9999902526125158,
          0.99969312656291,
          1.0009054964075514,
          1.0012843541003664,
          1.0006914618431555,
          1.0005680573039202,
          0.9977663958219565,
          1.0006683320042642,
          1.0011451083922265,
          1.000357950637608,
          1.0003570615480295,
          1.0016667208528847
        ],
        [
          1.000558768563794,
          1.0004184981905504,
          1.000569966674987,
          1.001277128662455,
          1.0014888113833604,
          1.001112571637049,
          1.50173059736276,
          1.0006962404514816,
          0.0,
          0.9975788627863302,
          0.9948893734980998,
          0.9948892475915723,
          1.0003457375193903,
          1.0000692245015703,
          1.0012756792920952,
          1.0016519074263626,
          1.0010631611440013,
          1.0009403355514674,
          0.99815713198476,
          1.0010384467139901,
          1.0015125150778197,
          1.0007316518139922,
          1.0007307927360214,
          1.0020304190448217
        ],
        [
          0.997029736648466,
          0.9969285928610409,
          0.9971971928367072,
          0.9978160599578245,
          0.9980066152234548,
          0.9976051269496825,
          1.4951515756331344,
          0.9971821210978224,
          0.9975788627863302,
          0.0,
          0.9910148562236473,
          0.991074983105258,
          0.9970069111989709,
          0.9965372126791842,
          0.9978005016290352,
          0.9982017983135176,
          0.9975735328670121,
          0.9974451377897925,
          0.9944858062643536,
          0.9975635543309109,
          0.9980635530181482,
          0.9972228770328397,
          0.9972217353930666,
          0.9986153728202228
        ],
        [
          0.99455182806603,
          0.9944272805888718,
          1.493253810103538,
          0.9951524358822383,
          0.9953198384946177,
          0.9949026334867495,
          0.993956096381449,
          0.9944775047541076,
          0.9948893734980998,
          0.9910148562236473,
          0.0,
          1.4834275654027016,
          1.9909926063492065,
          0.9938248035044969,
          0.9951207344281456,
          0.9955378592430715,
          0.9948846010842652,
          0.9947530537490799,
          0.9916841109265229,
          0.9948862584003,
          0.9954018475870328,
          0.994522971402045,
          0.9945210680137484,
          0.9961407243608431
        ],
        [
          0.9943240784604713,
          0.9942570581318555,
          0.994612717566831,
          0.9951433275411393,
          0.9953118864748394,
          0.9949009635463363,
          0.9939706418376747,
          0.9944836501008932,
          0.9948892475915723,
          0.991074983105258,
          1.4834275654027016,
          0.0,
          0.9944555566918849,
          0.9938421287595566,
          0.9951169824311643,
          0.9955275725008581,
          0.9948845357008889,
          0.9947551335203969,
          0.9917340261740155,
          0.9948867415117476,
          0.9953940595720445,
          0.9945279703933445,
          0.9945266361093396,
          0.9959583990940513
        ],
        [
          0.999859417440949,
          0.9997361806674021,
          0.9999068155659687,
          1.000550047476991,
          1.0007445234423245,
          1.0003846063195327,
          0.9994081689718802,
          0.9999902526125158,
          1.0003457375193903,
          0.9970069111989709,
          1.9909926063492065,
          0.9944555566918849,
          0.0,
          0.9993969001274826,
          1.0005455468723305,
          1.0009054057583577,
          1.0003422016121406,
          1.0002253152504554,
          0.9975647858738356,
          1.0003225142199674,
          1.0007746532868287,
          1.000025783830028,
          1.0000249177110774,
          1.0012705274102656
        ],
        [
          0.9997890543556727,
          1.4996987096744632,
          0.9997840194429212,
          1.000286014255499,
          1.0004901701234474,
          1.0001093566962,
          0.9990818924018979,
          0.99969312656291,
          1.0000692245015703,
          0.9965372126791842,
          0.9938248035044969,
          0.9938421287595566,
          0.9993969001274826,
          0.0,
          1.5008574776981922,
          1.501652865348873,
          1.5027971595042438,
          0.9999423340997456,
          0.997128281373318,
          1.0000452080274946,
          1.0005233356119794,
          0.9997315369589449,
          0.9997300388683981,
          1.0012127151258159
        ],
        [
          1.0007700576301797,
          1.000628140752953,
          1.0007694760287904,
          1.0014842743378796,
          1.0016973880247544,
          1.0013226195243898,
          1.0002694243249584,
          1.0009054964075514,
          1.0012756792920952,
          0.9978005016290352,
          0.9951207344281456,
          0.9951169824311643,
          1.0005455468723305,
          1.5008574776981922,
          0.0,
          1.0018594244624832,
          1.001272987062947,
          1.001149625707606,
          0.9983766680100461,
          1.0012465333008314,
          1.0017191005949166,
          1.0009417325820393,
          1.0009408907088178,
          1.002235038426426
        ],
        [
          1.0011505307183872,
          1.0010043481881143,
          1.0011329878520252,
          1.0018575133926013,
          1.0020729474752494,
          1.00170085930762,
          1.0006419399892634,
          1.0012843541003664,
          1.0016519074263626,
          0.9982017983135176,
          0.9955378592430715,
          0.9955275725008581,
          1.0009054057583577,
          1.501652865348873,
          1.0018594244624832,
          0.0,
          1.0016492760080717,
          1.0015265131169862,
          0.9987722304927786,
          1.0016212305291832,
          1.0020910584256817,
          1.0013200600862464,
          1.0013192485750615,
          1.00260338472156
        ],
        [
          1.0005550618932433,
          1.0004158850315548,
          1.0005640537488518,
          1.0012734607629898,
          1.0014852842691417,
          1.0011089701430633,
          1.0000589122892198,
          1.0006914618431555,
          1.0010631611440013,
          0.9975735328670121,
          0.9948846010842652,
          0.9948845357008889,
          1.0003422016121406,
          1.5027971595042438,
          1.001272987062947,
          1.0016492760080717,
          0.0,
          1.0009367244772758,
          0.9981529844260314,
          1.0010348660444999,
          1.0015090219692395,
          1.0007279998187624,
          1.0007271401953073,
          1.0020270206700252
        ],
        [
          1.0006679612189582,
          1.5007059632642163,
          1.0006230033827355,
          1.0011514614924477,
          1.0013623538604017,
          1.0009854479267741,
          0.9999380841974134,
          1.0005680573039202,
          1.0009403355514674,
          0.9974451377897925,
          0.9947530537490799,
          0.9947551335203969,
          1.0002253152504554,
          0.9999423340997456,
          1.001149625707606,
          1.0015265131169862,
          1.0009367244772758,
          0.0,
          0.9980264178010335,
          1.0009125721097096,
          1.0013872633604783,
          1.0006054622132543,
          1.0006040264967246,
          1.0020722053161344
        ],
        [
          1.5006051017974122,
          0.997864134159429,
          0.9980940817999142,
          0.9983901402082361,
          0.9985830078230944,
          0.9981872814027931,
          0.997185200435352,
          0.9977663958219565,
          0.99815713198476,
          0.9944858062643536,
          0.9916841109265229,
          0.9917340261740155,
          0.9975647858738356,
          0.997128281373318,
          0.9983766680100461,
          0.9987722304927786,
          0.9981529844260314,
          0.9980264178010335,
          0.0,
          1.4644311020950058,
          1.3239265104825562,
          1.0011246840221268,
          1.0001078866822477,
          0.9995332015386206
        ],
        [
          1.0006018460111694,
          1.0003920404055684,
          1.0005417442684055,
          1.0012479371969676,
          1.0014585482319565,
          1.0010838343815414,
          1.0000394364559964,
          1.0006683320042642,
          1.0010384467139901,
          0.9975635543309109,
          0.9948862584003,
          0.9948867415117476,
          1.0003225142199674,
          1.0000452080274946,
          1.0012465333008314,
          1.0016212305291832,
          1.0010348660444999,
          1.0009125721097096,
          1.4644311020950058,
          0.0,
          1.2700614772232548,
          1.0007061759128497,
          1.0007055552067463,
          1.0019972262006305
        ],
        [
          1.0010745127050207,
          1.000865430276904,
          1.0009992853519316,
          1.0017185808342635,
          1.0019324776337015,
          1.0015605296321424,
          1.0005071311395046,
          1.0011451083922265,
          1.0015125150778197,
          0.9980635530181482,
          0.9954018475870328,
          0.9953940595720445,
          1.0007746532868287,
          1.0005233356119794,
          1.0017191005949166,
          1.0020910584256817,
          1.0015090219692395,
          1.0013872633604783,
          1.3239265104825562,
          1.2700614772232548,
          0.0,
          1.0011819477840727,
          1.0011813440718398,
          1.0024632802342694
        ],
        [
          1.5070707701886548,
          1.0006213629943859,
          1.0007512030972205,
          1.0009450947161649,
          1.0011540003965733,
          1.0007756435294615,
          0.9997322228236601,
          1.000357950637608,
          1.0007316518139922,
          0.9972228770328397,
          0.994522971402045,
          0.9945279703933445,
          1.000025783830028,
          0.9997315369589449,
          1.0009417325820393,
          1.0013200600862464,
          1.0007279998187624,
          1.0006054622132543,
          1.0011246840221268,
          1.0007061759128497,
          1.0011819477840727,
          0.0,
          1.0015205464010155,
          1.0022363011789148
        ],
        [
          1.5080777255189972,
          1.0003143412964022,
          1.000467039071447,
          1.0009437141996873,
          1.0011531690676412,
          1.0007747817440305,
          0.9997307789310381,
          1.0003570615480295,
          1.0007307927360214,
          0.9972217353930666,
          0.9945210680137484,
          0.9945266361093396,
          1.0000249177110774,
          0.9997300388683981,
          1.0009408907088178,
          1.0013192485750615,
          1.0007271401953073,
          1.0006040264967246,
          1.0001078866822477,
          1.0007055552067463,
          1.0011813440718398,
          1.0015205464010155,
          0.0,
          1.0019370228352942
        ],
        [
          1.386502935967324,
          1.1483613250398013,
          1.1391431659794966,
          1.0023929002508456,
          1.0024496294687593,
          1.0020814379300023,
          1.0011767743421636,
          1.0016667208528847,
          1.0020304190448217,
          0.9986153728202228,
          0.9961407243608431,
          0.9959583990940513,
          1.0012705274102656,
          1.0012127151258159,
          1.002235038426426,
          1.00260338472156,
          1.0020270206700252,
          1.0020722053161344,
          0.9995332015386206,
          1.0019972262006305,
          1.0024632802342694,
          1.0022363011789148,
          1.0019370228352942,
          0.0
        ]
      ]
    },
    "Location": {
      "alphabet": [
        "Angola",
        "Anguilla",
        "Australia",
        "Bangladesh",
        "Barbados",
        "Bhutan",
        "Bolivia",
        "Brazil",
        "Burkina-Faso",
        "Cambodia",
        "Chad",
        "China",
        "Colombia",
        "Cook-Islands",
        "Costa-Rica",
        "Cuba",
        "Dominican-Republic",
        "Ecuador",
        "Ethiopia",
        "Fiji",
        "Florida(USA)",
        "French-Polynesia",
        "Gabon",
        "Grenada",
        "Guadeloupe",
        "Guatemala",
        "Guyana",
        "Haiti",
        "Honduras",
        "India",
        "Indonesia",
        "Israel",
        "Italy",
        "Jamaica",
        "Kenya",
        "Laos",
        "Malaysia",
        "Maldives",
        "Martinique",
        "Mexico",
        "Mozambique",
        "Myanmar",
        "New-Caledonia",
        "Nicaragua",
        "Niger",
        "Pakistan",
        "Papua-New-Guinea",
        "Paraguay",
        "Peru",
        "Philippines",
        "Puerto-Rico",
        "Reunion",
        "Saint-Kitts-and-Nevis",
        "Saint-Lucia",
        "Saint-Martin",
        "Samoa",
        "Saudi-Arabia",
        "Senegal",
        "Singapore",
        "Somalia",
        "Sri-Lanka",
        "Taiwan",
        "Thailand",
        "Timor-Leste",
        "Trinidad-and-Tobago",
        "Venezuela",
        "Vietnam",
        "Wallis-and-Futuna",
        "?"
      ],
      "equilibrium_probabilities": [
        0.014884533846207347,
        0.014833252777211673,
        0.014824209869836999,
        0.014624509872015554,
        0.014731079042333025,
        0.014721137973575852,
        0.014819493156604495,
        0.0152448478327803,
        0.015008872312307835,
        0.01421794038235405,
        0.01492735170030183,
        0.0138152722784144,
        0.014659690320540411,
        0.014989863204035149,
        0.01500627129569065,
        0.014709965799378777,
        0.015039305403793906,
        0.0142390462208105,
        0.01504125356956851,
        0.015031301304235497,
        0.013748303537428662,
        0.014667744172994834,
        0.01502111547559758,
        0.014947495459093997,
        0.01504912998032673,
        0.015100952203525026,
        0.015409592162942801,
        0.014928188762461016,
        0.01493427572043309,
        0.013826423612761877,
        0.014709793754189395,
        0.014699216591713447,
        0.014767799228525858,
        0.01477393705090272,
        0.014691341353256324,
        0.014670547911160512,
        0.013794870182830647,
        0.014708015110106873,
        0.014882449985368475,
        0.015121304226311194,
        0.01483078791305658,
        0.014655815550669415,
        0.015207711415523427,
        0.014350451490682061,
        0.014977428851517198,
        0.014734995000037658,
        0.014605997995567315,
        0.014766526264993194,
        0.015165153656798023,
        0.014772788138100014,
        0.01443544276424742,
        0.014611816260827686,
        0.014732524131348547,
        0.015221647372300525,
        0.014846426171790305,
        0.015041402406319198,
        0.014874797422647044,
        0.014710685285335399,
        0.01406421757327557,
        0.01492949501490261,
        0.014235269490028879,
        0.014428396470467486,
        0.013876535287531891,
        0.014600623574512396,
        0.014936642634165666,
        0.012355728831540458,
        0.014972128412324004,
        0.01523686997556226
      ],
      "rate": 85.65377028484741,
      "transition_matrix": [
        [
          0.0,
          0.9805645620510508,
          0.9806734457327753,
          0.98035438380282,
          0.9806070158440761,
          1.050760309642618,
          0.9804518902609658,
          0.9803195418582775,
          0.9805152724289364,
          0.980416972335114,
          0.9806202252517567,
          0.9808913506610116,
          0.9795320563260993,
          0.9804602343132467,
          0.9804179027463461,
          1.0489413139824426,
          0.9804601740703359,
          0.9808231788838362,
          0.9806329537581606,
          0.98059545021772,
          1.389488833579783,
          0.9805331978022964,
          0.9804626931532672,
          0.9805227991658262,
          0.9805317332010629,
          0.9805559800912566,
          0.980624440361765,
          0.9806157794105029,
          0.9805444338671598,
          1.1277637157154,
          0.9823358218640683,
          0.9805243040767639,
          0.9805499008317099,
          0.9805243216737752,
          0.9805299611355773,
          0.9805802198986354,
          0.9806498944247974,
          0.9805137115685216,
          0.9806490603692349,
          0.980371690478418,
          0.9805973109558099,
          0.9814584757991032,
          0.9804842773078557,
          0.9800869119329795,
          0.980460431631715,
          0.980462639195681,
          0.9803660922230361,
          0.9804101150476284,
          0.9802259076706126,
          0.98205773169537,
          0.9802467077906372,
          0.9804529534165608,
          0.9804430830659396,
          0.9805449714981128,
          0.9805990952220036,
          0.9805734661391372,
          0.980678288269476,
          0.98070652703885,
          0.9804321266729957,
          0.9805596515597083,
          0.9810281912747523,
          0.98045889683622,
          0.981258351278772,
          0.9804244676331373,
          0.9805121472425993,
          0.9797637612565709,
          0.9804152503645948,
          0.9805098253488326
        ],
        [
          0.9805645620510508,
          0.0,
          0.9805961164393572,
          0.9802793918649412,
          1.3353460660033498,
          0.9805867777330026,
          0.9803862524387733,
          1.0263410216010853,
          0.980434590784438,
          0.9803428601991048,
          0.9804948584550457,
          0.980744589414048,
          0.9795448126660693,
          0.9803834019464168,
          0.9803410839023698,
          0.9807611559128714,
          0.9803831046198831,
          0.9808692941843875,
          0.9805525740219968,
          0.9805180893130487,
          0.980644691454412,
          0.980457494440485,
          0.9803819549184691,
          0.9813877647448813,
          0.9804560417725656,
          0.9804149591264825,
          0.9827819857318791,
          0.9805143056737333,
          0.9804351201434461,
          0.9819713191325212,
          0.9819643712310663,
          0.9803781649013356,
          0.980515359051267,
          0.9803789943753034,
          0.9803832847153238,
          0.9805044089712961,
          0.9804854516482058,
          0.9803673563145396,
          0.9806515773989649,
          0.9801815991273777,
          0.9805211304092126,
          0.9813036512498423,
          0.9804063965726024,
          0.9802061458948053,
          0.9803836069195596,
          0.9803169464422736,
          0.9802913219159265,
          0.980387933498574,
          0.9801491212024183,
          0.9818592700727928,
          1.252924859929144,
          0.9803777571107284,
          0.9804113687056794,
          0.9876542558780096,
          0.9804677879444176,
          0.9804960637789119,
          0.9805128361343256,
          0.9805522620265862,
          0.9802235231382415,
          0.9804825621921973,
          0.9807937623440915,
          0.9803838362217374,
          0.980940908361286,
          0.9803495118963133,
          0.9817943808673747,
          1.0046833464788805,
          0.9803387352495074,
          0.9804316905203718
        ],
        [
          0.9806734457327753,
          0.9805961164393572,
          0.0,
          0.9852164153063553,
          0.980638144797073,
          0.9806951308251195,
          0.980483674608641,
          0.9801172514480914,
          0.980548830350549,
          0.9807233519791319,
          0.9806038487464172,
          1.384906889546254,
          0.9795691759241226,
          0.980492465444954,
          0.980450209885978,
          0.9806837704905019,
          0.9804924145847417,
          0.9808364237471597,
          0.9806658441152054,
          0.980627248057337,
          0.9807052901985502,
          0.9806070195350547,
          0.9804988596783386,
          0.980554565757512,
          0.980563577380814,
          0.9805247230393069,
          0.9805362557082886,
          0.9805757582996975,
          0.980526547562879,
          0.9831934226987898,
          1.0793994016858905,
          0.9804868390169744,
          0.9805766216114502,
          0.9804865862284953,
          0.9804914154702956,
          0.9808220716351674,
          0.9809196660650349,
          0.9804764616441999,
          0.9806815082407498,
          0.9802788211592318,
          0.9807711243225645,
          0.981972678680896,
          0.9805168519907961,
          0.9802253209302957,
          0.9804925363762397,
          0.9804252494737508,
          1.4718139650233992,
          0.9804418048480846,
          0.9802456890903158,
          1.0747134978871247,
          0.9802260059360812,
          0.9804868344559813,
          0.9804750099885622,
          0.9805771828913517,
          0.9805613080929139,
          0.9806054124172935,
          0.980623472374665,
          0.9807682317448263,
          0.9830143556018094,
          0.9806943500571782,
          1.4236345609140602,
          1.3905022048832576,
          1.4728613790538394,
          0.9804995743796536,
          0.980543941587283,
          0.9797727702773006,
          0.9805310210990811,
          0.9805423295042442
        ],
        [
          0.98035438380282,
          0.9802793918649412,
          0.9852164153063553,
          0.0,
          0.9803227379584705,
          0.9803785860982985,
          0.9801689384231516,
          0.9797971270630138,
          0.9802358908016672,
          0.9802407173123583,
          0.9802851735411573,
          1.8558202871314518,
          0.9792661807260816,
          0.980173968750324,
          0.9801320356910217,
          0.9803624725630261,
          0.9801729958669091,
          0.9805311664571807,
          0.9803494758177205,
          0.9803063478801516,
          0.9803791195255239,
          0.9802622751051366,
          0.9801890990340097,
          0.9802363733944809,
          0.9802432044375795,
          0.9802035170946956,
          0.9802083185948657,
          0.9802585898629832,
          0.9802094377578191,
          0.9823864765670925,
          1.0917252135296551,
          0.9801749274522665,
          0.980260613616542,
          0.9801741891440249,
          0.980178707558676,
          0.9805241005470955,
          0.9803413134841853,
          0.9801650371766191,
          0.9803661706770127,
          0.9799601606443866,
          0.9803153405435334,
          0.9815846365598264,
          0.9801938228041635,
          0.9798185155609292,
          0.9801743272866389,
          0.9801125942535693,
          0.9801086810006507,
          0.9801285931904073,
          0.9799268646786159,
          0.9820324122149803,
          0.9798657229492592,
          0.9801775234587289,
          0.9801616352388934,
          0.9802529735831234,
          0.9802448373682267,
          0.9802844222679087,
          0.9803038659112578,
          0.980388113555198,
          0.9853283317769959,
          0.9802757252321104,
          0.988133230839862,
          0.9802706100944824,
          1.4731465818384375,
          0.9801576851865992,
          0.980226101415627,
          0.9795101568590845,
          0.9801737976504895,
          0.9802183067068885
        ],
        [
          0.9806070158440761,
          1.3353460660033498,
          0.980638144797073,
          0.9803227379584705,
          0.0,
          0.9806286719992643,
          0.9804836067978864,
          1.338387150691264,
          0.9804780583972152,
          0.9803848656870481,
          0.9805377040150484,
          0.9807830407372536,
          0.9796076464346626,
          0.9804271305615526,
          0.9803851321334048,
          0.9809013506158424,
          0.9804269748320257,
          0.9809563834716316,
          0.9805954201542069,
          0.9805610822502054,
          0.980884861559076,
          0.9804998038264795,
          0.9804258128770486,
          1.2378750352122911,
          0.9805428899713506,
          0.9804588980804411,
          1.4914490338010258,
          0.9805788870703445,
          0.9804804367603915,
          0.98200361301254,
          0.981997889341771,
          0.9804210871421526,
          0.9805634145210711,
          0.9804843518220756,
          0.9804261588297593,
          0.9805464521093582,
          0.9805252386796643,
          0.9804103741826028,
          0.9807481557610134,
          0.9802289833059915,
          0.980563944522888,
          0.9813408347360378,
          0.9804506028126749,
          0.9803248000421209,
          0.9804272979337181,
          0.9803603662423986,
          0.9803345173426453,
          0.980704122069222,
          0.9801994353282821,
          0.9818931940675601,
          1.3108678577892885,
          0.980420435267892,
          0.9804577805371741,
          1.45859986505897,
          0.9805688639055101,
          0.9805392394051087,
          0.9805555003939125,
          0.9805941092854412,
          0.9802656710290429,
          0.9805255970396237,
          0.9808411532515311,
          0.9804260345995137,
          0.9809786017386262,
          0.9803923135099571,
          1.2937751282615249,
          1.0117556889346513,
          0.9803827105295156,
          0.9804758225337374
        ],
        [
          1.050760309642618,
          0.9805867777330026,
          0.9806951308251195,
          0.9803785860982985,
          0.9806286719992643,
          0.0,
          0.9804751619826695,
          0.9803161450562099,
          0.980544017344171,
          0.9804401422871627,
          0.980675360742841,
          0.9809219307694331,
          0.9795645468229333,
          0.9804836467874832,
          0.980441851509866,
          1.0066685996929317,
          0.9804837081728227,
          0.9808382894205677,
          0.9806595699400728,
          0.9806177830553042,
          1.1072960294279464,
          0.9805556419783835,
          0.9804921044005496,
          0.9805456390282328,
          0.9805549194758257,
          0.9805715510889608,
          0.9806459597351624,
          0.9806283686363781,
          0.980561780790327,
          1.4246847118259245,
          0.9825984074460222,
          0.9805509145811105,
          0.9805714792445743,
          0.9805531246345426,
          0.9805575402593959,
          0.9806022333750253,
          0.9807297703016344,
          0.980540901440745,
          0.9806741045038718,
          0.9804154738447908,
          0.9806211500826348,
          0.9815697726331619,
          0.9805079609384809,
          0.9801136148901232,
          0.9804838945381712,
          0.9804889620180737,
          0.980390220607431,
          0.9804339472747556,
          0.9802514256070943,
          0.9822302115779042,
          0.9802699448687655,
          0.9804759147567031,
          0.9804662001380036,
          0.9805682289813503,
          0.9805986664115717,
          0.980595981548373,
          0.9807427408517406,
          0.9807450790341109,
          0.9804661832633563,
          0.9805830195074395,
          0.9811432656818596,
          0.9804828140356356,
          0.981423978898761,
          0.9804479469307196,
          0.9805350912617848,
          0.9797924305032789,
          0.9804394445160802,
          0.9805332679007107
        ],
        [
          0.9804518902609658,
          0.9803862524387733,
          0.980483674608641,
          0.9801689384231516,
          0.9804836067978864,
          0.9804751619826695,
          0.0,
          1.4705991537551066,
          0.9803211316359658,
          0.9802345925932153,
          0.9803820345014107,
          0.9806380663673709,
          0.9793476154970211,
          0.9802701232799023,
          0.9802277479187,
          0.9804860821729602,
          0.9802694811807389,
          0.9806400066666635,
          0.9804388389974621,
          0.9804045155596078,
          0.9804988265850222,
          0.9803465193339713,
          0.9802683853716377,
          0.9803647519195402,
          0.98034066553645,
          0.9803007969377038,
          0.9803123004774466,
          0.9803556499677785,
          0.9803057895620377,
          0.9818622366247192,
          0.9818514083138367,
          0.9802670195711658,
          0.9803563826211764,
          0.9802647094878623,
          0.9802721548574066,
          0.9803934502999073,
          0.9803806650572544,
          0.9802561690527255,
          0.980475158624335,
          0.9800546481085183,
          0.9804070766960735,
          0.9811917860841705,
          0.9802916165005872,
          0.9799200590795634,
          0.9802704197563967,
          0.9802056168536697,
          0.9801810423434698,
          0.9802279991108303,
          0.9800231614696705,
          0.9817462417958743,
          0.9799941624209869,
          0.9802672088102629,
          0.980255913838456,
          0.9803539530042183,
          0.980375820957868,
          0.9803823590316315,
          0.9804001011193331,
          0.9804410353031036,
          0.9801170020451938,
          0.9803692421630764,
          0.9806430396181532,
          0.9802746483696434,
          0.9808342778794646,
          0.9802391970216712,
          0.9803553589144244,
          0.9795989710003081,
          0.980225796137504,
          0.9803166415742304
        ],
        [
          0.9803195418582775,
          1.0263410216010853,
          0.9801172514480914,
          0.9797971270630138,
          1.338387150691264,
          0.9803161450562099,
          1.4705991537551066,
          0.0,
          0.9799504605196759,
          0.9798770300949906,
          0.9800086687472699,
          0.9803072862850359,
          0.9795322672310312,
          0.9798917064411218,
          0.9798482102597951,
          1.107751839134573,
          0.9798897959113239,
          1.0437466505518849,
          0.9801265874261773,
          0.9800290173406025,
          2.3061508791823377,
          0.9799782263423799,
          0.979891021454278,
          1.1928781701553015,
          0.9799690614335431,
          0.9800115534931617,
          1.0052507342893189,
          0.9801732938301648,
          0.9800415830043718,
          0.9819591548158914,
          0.9816285130753803,
          0.979896085517183,
          0.9801045048422321,
          0.9798956133948629,
          0.9799016576994338,
          0.9800269940481948,
          0.9800534627779092,
          0.9798846792833733,
          1.1450551852842885,
          0.9807472256804046,
          0.9800515225967458,
          0.9808539312327721,
          0.9799081740143117,
          1.0693553353793905,
          0.9798927933152787,
          0.9798320067680193,
          0.9798098851954339,
          3.4548699520166957,
          0.983709903175167,
          0.9814224134128748,
          2.0565831463887374,
          0.9798985243430023,
          0.9799406380769494,
          0.9998106596310298,
          1.3339656638603827,
          0.9800060510542871,
          0.9800293145672163,
          0.9801330972595406,
          0.9797591496635041,
          0.979999082062238,
          0.9808134027484531,
          0.9799119639108564,
          0.9805105070206008,
          0.9798698214692423,
          1.2482444533991146,
          1.685574314867117,
          0.9798466802255446,
          0.9799331941984203
        ],
        [
          0.9805152724289364,
          0.980434590784438,
          0.980548830350549,
          0.9802358908016672,
          0.9804780583972152,
          0.980544017344171,
          0.9803211316359658,
          0.9799504605196759,
          0.0,
          0.9802961570627747,
          0.9804458848412387,
          0.986949840576725,
          0.9793928607052748,
          0.9803280599977487,
          0.9802851912061843,
          0.9805195817692239,
          0.9803275858714409,
          0.9806866824595445,
          1.0017211577923928,
          0.980464249897187,
          0.9805182255338499,
          0.9804042489031537,
          0.983613625235224,
          0.9803916367366803,
          0.9803996673122364,
          0.9803595295278393,
          0.9803676706574666,
          0.9804142114697328,
          0.980363842399108,
          0.9953716340736176,
          0.9819567823987765,
          0.9803351008649122,
          0.9804146977858706,
          0.9803331734079069,
          0.9803602252457504,
          0.9804578767121653,
          0.9804444233777984,
          0.980324175099685,
          0.9967500033310804,
          0.9801098637881276,
          0.9804662136034757,
          0.981271034119201,
          0.9803505915022129,
          0.9799530459368313,
          0.980328311731041,
          0.9802731210557301,
          0.9802363825316937,
          0.9802791809698862,
