Map from character to field name
A:	1_I
B:	1_II
C:	1_III
D:	1_III_related
E:	1_IV
F:	1_I_related
G:	1_V
H:	1_unassigned
I:	?


Substitution rate (mu): 5.395916

Equilibrium frequencies (pi_i):
  A: 0.1241
  B: 0.1032
  C: 0.1463
  D: 0.1347
  E: 0.114
  F: 0.097
  G: 0.1605
  H: 0.1202

Symmetrized rates from j->i (W_ij):
	A	B	C	D	E	F	G	H
  A	0	0.8829	0.8459	0.8404	0.8695	1.2655	0.7519	0.8873
  B	0.8829	0	0.8931	0.9056	0.9603	1.1165	0.8067	1.1504
  C	0.8459	0.8931	0	4.3682	0.8674	0.894	0.7749	1.4676
  D	0.8404	0.9056	4.3682	0	0.8706	0.9212	0.8066	2.2669
  E	0.8695	0.9603	0.8674	0.8706	0	1.1748	0.7767	1.0188
  F	1.2655	1.1165	0.894	0.9212	1.1748	0	0.8115	1.2616
  G	0.7519	0.8067	0.7749	0.8066	0.7767	0.8115	0	1.1442
  H	0.8873	1.1504	1.4676	2.2669	1.0188	1.2616	1.1442	0

Actual rates from j->i (Q_ij):
	A	B	C	D	E	F	G	H
  A	0	0.1095	0.105	0.1043	0.1079	0.157	0.0933	0.1101
  B	0.0911	0	0.0922	0.0935	0.0991	0.1153	0.0833	0.1188
  C	0.1237	0.1306	0	0.639	0.1269	0.1308	0.1134	0.2147
  D	0.1132	0.122	0.5884	0	0.1173	0.1241	0.1086	0.3053
  E	0.0991	0.1095	0.0989	0.0993	0	0.1339	0.0886	0.1162
  F	0.1228	0.1083	0.0867	0.0894	0.114	0	0.0787	0.1224
  G	0.1206	0.1294	0.1243	0.1294	0.1246	0.1302	0	0.1836
  H	0.1067	0.1383	0.1764	0.2725	0.1225	0.1517	0.1375	0
