{
  "generated_by": {
    "program": "augur",
    "version": "24.3.0"
  },
  "models": {
    "Lineage": {
      "alphabet": [
        "1I",
        "1II",
        "1III",
        "1III_A",
        "1III_B",
        "1IV",
        "1IV_A",
        "1IV_B",
        "1IV_B.1",
        "1IV_B.2",
        "1IV_C",
        "1I_A",
        "1I_B",
        "1I_C",
        "1I_D",
        "1I_E",
        "1I_E.1",
        "1I_E.2",
        "1I_F",
        "1I_G",
        "1I_H",
        "1I_H.1",
        "1I_H.2",
        "1I_J",
        "1I_K",
        "1I_K.1",
        "1I_K.2",
        "1I_K.3",
        "1V",
        "1VI",
        "1VI_A",
        "1VI_B",
        "1V_A",
        "1V_B",
        "1V_C",
        "1V_D",
        "1V_D.1",
        "1V_D.2",
        "1V_E",
        "1V_F",
        "1V_G",
        "Unassigned",
        "?"
      ],
      "equilibrium_probabilities": [
        0.023134894869319907,
        0.023573291223240186,
        0.02332376871575793,
        0.024387362159091173,
        0.02387500122209859,
        0.023407471122391044,
        0.02413866254185397,
        0.023875433509406904,
        0.023915024519809945,
        0.0238106864279315,
        0.023836004807076833,
        0.023828646374160614,
        0.02411169087200671,
        0.023799890761900158,
        0.023806260302282067,
        0.02393313068873285,
        0.02385711301533157,
        0.02376327530854107,
        0.023814185143907363,
        0.023876930915971734,
        0.023790962223764252,
        0.02400843512670834,
        0.023817207586678733,
        0.023813014107361193,
        0.024061034912624065,
        0.023792692100350336,
        0.02373950641188733,
        0.023711079770457173,
        0.022959485576100287,
        0.023615047600816168,
        0.02387441042141358,
        0.02385637104074818,
        0.023830720090639305,
        0.023529366315811488,
        0.023742612144964235,
        0.023438664682676337,
        0.02462445163890826,
        0.023583670982251708,
        0.02531412030846695,
        0.02377835562978617,
        0.02331477411081001,
        0.02373529271596385
      ],
      "rate": 10.481128193488763,
      "transition_matrix": [
        [
          0.0,
          1.0020192289905026,
          1.0011354477119268,
          0.9992769610477834,
          1.0013650198454715,
          1.0015626335376027,
          1.0001310346921826,
          1.0007740519586823,
          1.0010585935682434,
          1.0014882373849938,
          1.0013813347143536,
          1.5071712222680116,
          1.501114603779671,
          1.498894861403157,
          1.5032038824634852,
          1.5014018900378323,
          1.0013111782620636,
          1.0017035668462655,
          1.514766435084847,
          1.3707312824524969,
          1.4177537239567255,
          1.0009337497370154,
          1.0017266000647433,
          1.3984698122195343,
          1.3722392699579857,
          1.0013564243807402,
          1.0015796078316126,
          1.0016988966701026,
          0.9971507241910621,
          1.0014348641439847,
          1.0016105057682771,
          1.001674615565002,
          0.9995465048190126,
          1.0008189991878467,
          0.9999134994714394,
          1.001711037532465,
          0.998033212386049,
          1.001346226541255,
          0.9936549865716241,
          1.0004063960053422,
          1.0013735703752868,
          1.4948418778189387
        ],
        [
          1.0020192289905026,
          0.0,
          1.0016890525925914,
          0.9997333317253457,
          1.0018517352859684,
          1.0033943073888842,
          1.0006094858466277,
          1.0012613958777796,
          1.001539974386641,
          1.0019758936458132,
          1.0018685179211237,
          1.0019528073662731,
          1.0007565299761718,
          1.0020701551299742,
          1.0020479070860697,
          1.0012737941517582,
          1.0017961533618849,
          1.002194324065176,
          1.0020481883753203,
          1.0018463796206898,
          1.0018010233840564,
          1.0013971479005286,
          1.0022017360749693,
          1.0018499449901508,
          1.0007846476989273,
          1.0018246906017858,
          1.0020512090384717,
          1.0021721375801638,
          0.9982261440953383,
          1.0036221625167197,
          1.002103225185177,
          1.0021681197061667,
          0.9999968861203382,
          1.0012880690222714,
          1.0003692367299304,
          1.0021952539123693,
          0.998470248190854,
          1.001826484866073,
          0.9940211602877649,
          1.0008723796064922,
          1.0018490043844148,
          1.5001012108946665
        ],
        [
          1.0011354477119268,
          1.0016890525925914,
          0.0,
          1.5006016063006422,
          1.5023681966974565,
          1.001013969590711,
          1.000274101838282,
          1.0009196175225241,
          1.00121369087246,
          1.0016461897201112,
          1.0015380857360665,
          1.001620401563786,
          1.0004317052013796,
          1.0017386633004257,
          1.0017166339035524,
          1.0009497055821068,
          1.0014678356049904,
          1.0018628603845647,
          1.0017170817437253,
          1.0015168127406187,
          1.0014731347016592,
          1.0010711734180344,
          1.001869427445893,
          1.0015212149594104,
          1.0004643925050138,
          1.0014969619677454,
          1.0017216883415823,
          1.0018416604789357,
          1.0219489819490726,
          1.0168035987187396,
          1.0017741648182572,
          1.0018383478477588,
          0.9996946799291485,
          1.000975526923187,
          1.0000640085464911,
          1.0018688258074506,
          0.9981697521876433,
          1.0015030381157217,
          0.9937648672425411,
          1.000558208898443,
          1.001532303933924,
          1.483145041115387
        ],
        [
          0.9992769610477834,
          0.9997333317253457,
          1.5006016063006422,
          0.0,
          0.999654564876831,
          0.9990884835627795,
          0.9983315012175126,
          0.9990236424636637,
          0.9993290537372753,
          0.9997875208392305,
          0.9996728751131386,
          0.9997573022106888,
          0.9984975333270887,
          0.9998841186123602,
          0.9998608032087883,
          0.9990526706929445,
          0.9995982001722155,
          1.0000168467834114,
          0.9998610722129152,
          0.9996475728470882,
          0.9996086212314437,
          0.9991734997663032,
          1.0000195768671962,
          0.9996570336633127,
          0.9985373567547204,
          0.9996334465086184,
          0.9998715957288415,
          0.9999987397750613,
          0.9951524478457755,
          0.9994131104697092,
          0.9999103337963179,
          0.9999789589598652,
          0.9977465767711233,
          0.9991037663661478,
          0.9981380647970325,
          1.0000469205142704,
          0.9961028635921784,
          0.9996534361265065,
          0.9914607856228206,
          0.9986529384888374,
          0.9997007295894756,
          0.9973800759461062
        ],
        [
          1.0013650198454715,
          1.0018517352859684,
          1.5023681966974565,
          0.999654564876831,
          0.0,
          1.001203284951997,
          1.0005228413242397,
          1.0011803966324788,
          1.001484117524221,
          1.0019257460495121,
          1.0018152442944885,
          1.001897650132943,
          1.0006837484978275,
          1.0020197919487432,
          1.0019974281757844,
          1.001213950673085,
          1.00174367003794,
          1.002147056315533,
          1.0019983709561084,
          1.0017940741861366,
          1.0017482518328156,
          1.001339341342278,
          1.0021544668466462,
          1.0017977732945758,
          1.0007185724173262,
          1.001772683635475,
          1.0020021685346459,
          1.0021246813407556,
          0.9972949156622481,
          1.0015418368369697,
          1.0020531485635815,
          1.0021190234820014,
          0.9999208147005925,
          1.0012288728622034,
          1.0002980341529393,
          1.0021485030180188,
          0.9983742420292727,
          1.0017746702432273,
          0.9938674777160905,
          1.0008079254438345,
          1.001797411356096,
          0.9995528693786178
        ],
        [
          1.0015626335376027,
          1.0033943073888842,
          1.001013969590711,
          0.9990884835627795,
          1.001203284951997,
          0.0,
          1.5022856981080286,
          1.5024774667944887,
          1.0008976282567417,
          1.0013325375805635,
          1.5024382634768505,
          1.0013055790128615,
          1.0001120869193931,
          1.0014221353913042,
          1.0013998760335632,
          1.0006286346025912,
          1.001148724873047,
          1.0015461562499426,
          1.0013998454700799,
          1.001197950879134,
          1.001155323226982,
          1.0007488951191577,
          1.0015520294012858,
          1.001203238015292,
          1.000140005924582,
          1.0011787879885143,
          1.0014048808395954,
          1.0015255833376309,
          0.9972630411211089,
          1.0020556538693866,
          1.0014518935773347,
          1.0015167933099953,
          0.9993647747952629,
          1.0006535046770488,
          0.9997364553168515,
          1.0015558375295293,
          0.9978291995732201,
          1.0011860073018664,
          0.9933982220425972,
          1.0002344509933794,
          1.0012155861886411,
          1.492767836840563
        ],
        [
          1.0001310346921826,
          1.0006094858466277,
          1.000274101838282,
          0.9983315012175126,
          1.0005228413242397,
          1.5022856981080286,
          0.0,
          1.0059705178888387,
          1.0002036736141595,
          1.0006545809474223,
          1.0005742549451808,
          1.0006240411919936,
          0.9993848899285066,
          1.0007487398174248,
          1.000725846174905,
          0.9999290073446198,
          1.0004672371400238,
          1.0008790301284252,
          1.0007263807184803,
          1.0005169465113315,
          1.000475298510084,
          1.0000514553480229,
          1.0008836377211334,
          1.0005240738068568,
          0.9994225875602007,
          1.0004999167197586,
          1.0007341739338604,
          1.0008592378014085,
          0.9960246578460797,
          1.0002793789437474,
          1.0007777967467832,
          1.0008451979632584,
          0.9986303523610113,
          0.9999654664385016,
          0.9990154342473649,
          1.0008975479604088,
          0.9970284966106866,
          1.0005126457086726,
          0.9924486701250201,
          0.999527428247916,
          1.0005499828717794,
          1.0024445768055705
        ],
        [
          1.0007740519586823,
          1.0012613958777796,
          1.0009196175225241,
          0.9990236424636637,
          1.0011803966324788,
          1.5024774667944887,
          1.0059705178888387,
          0.0,
          1.5039221481264284,
          1.502391304070357,
          1.0012234681079795,
          1.0012794083366747,
          1.0000596684141614,
          1.0014021320330524,
          1.0013796285220224,
          1.000593809133653,
          1.0011248493077207,
          1.001530184815058,
          1.0013803634284644,
          1.0011746500168448,
          1.0011311124853832,
          1.0007170859549137,
          1.001536186070048,
          1.0011800043022432,
          1.0000956803803636,
          1.0011554990354712,
          1.0013860879859688,
          1.0015091915836165,
          0.9967019234190504,
          1.0009343578156993,
          1.001433231915023,
          1.0014994996035274,
          0.9993048761495259,
          1.0006191737668888,
          0.999683925728919,
          1.001539974399917,
          0.9977395233205506,
          1.001162740549,
          0.9932208748612437,
          1.0001921303579848,
          1.0011924864877668,
          1.003895331050594
        ],
        [
          1.0010585935682434,
          1.001539974386641,
          1.00121369087246,
          0.9993290537372753,
          1.001484117524221,
          1.0008976282567417,
          1.0002036736141595,
          1.5039221481264284,
          0.0,
          1.0024294076376017,
          1.0015001581248926,
          1.0015827254746625,
          1.0003638372176635,
          1.001705378695523,
          1.001682907402835,
          1.00089694460282,
          1.0014282178753657,
          1.0018332630989932,
          1.0016837493432806,
          1.001478393455095,
          1.0014336548049627,
          1.0010214751633921,
          1.001839970514309,
          1.0014829390451587,
          1.000399349237754,
          1.0014581101782962,
          1.0016885363292996,
          1.0018115524048141,
          0.9969784904699144,
          1.001222778352247,
          1.0017376208846276,
          1.0018038052807439,
          0.9996038022022251,
          1.0009171932717322,
          0.9999825750484646,
          1.0018389398298992,
          0.9980451368146227,
          1.001462754183713,
          0.9935249575998351,
          1.0004924496559529,
          1.0014890946345771,
          0.9992250632989262
        ],
        [
          1.0014882373849938,
          1.0019758936458132,
          1.0016461897201112,
          0.9997875208392305,
          1.0019257460495121,
          1.0013325375805635,
          1.0006545809474223,
          1.502391304070357,
          1.0024294076376017,
          0.0,
          1.0019410167763312,
          1.0020231703523776,
          1.0008136972665436,
          1.0021448640086519,
          1.0021225881793172,
          1.0013416814257012,
          1.001869713362489,
          1.0022716262709226,
          1.002123569114537,
          1.0019201040977868,
          1.0018739471489282,
          1.0014671570504143,
          1.0022792990259286,
          1.0019234617746469,
          1.0008481801766376,
          1.0018983215239303,
          1.0021269692744585,
          1.0022490347715773,
          0.9974192320682758,
          1.0016608289540239,
          1.0021785851415066,
          1.0022442046693236,
          1.0000511655042772,
          1.0013544716864649,
          1.0004270092496848,
          1.0022714014480067,
          0.9985124818107824,
          1.0018992550000647,
          0.9940200562845809,
          1.0009358746603494,
          1.0019205316101647,
          0.9996722226098397
        ],
        [
          1.0013813347143536,
          1.0018685179211237,
          1.0015380857360665,
          0.9996728751131386,
          1.0018152442944885,
          1.5024382634768505,
          1.0005742549451808,
          1.0012234681079795,
          1.0015001581248926,
          1.0019410167763312,
          0.0,
          1.0019129680327097,
          1.0007011807709036,
          1.0020348930098297,
          1.0020125686894736,
          1.0012304212167522,
          1.0017592466457896,
          1.0021619302391245,
          1.0020135137713582,
          1.001809582029782,
          1.001763781753471,
          1.0013556557813756,
          1.0021693610780504,
          1.0018132370406494,
          1.0007359114972922,
          1.0017881753198412,
          1.0020172606185422,
          1.0021395599936194,
          0.997309726348772,
          1.0015526542244053,
          1.0020682405902142,
          1.0021339992367497,
          0.9999392910143864,
          1.001245078363057,
          1.0003158555266272,
          1.0021631823962704,
          0.9983956556833811,
          1.0017900371291826,
          0.9938964313473071,
          1.0008249561456197,
          1.0018125813923324,
          0.9995830761975553
        ],
        [
          1.5071712222680116,
          1.0019528073662731,
          1.001620401563786,
          0.9997573022106888,
          1.001897650132943,
          1.0013055790128615,
          1.0006240411919936,
          1.0012794083366747,
          1.0015827254746625,
          1.0020231703523776,
          1.0019129680327097,
          0.0,
          1.003024922317445,
          1.0070030487491182,
          1.0054298961171966,
          1.0013189886916098,
          1.0018415985999554,
          1.0022439087053523,
          1.00210127152053,
          1.0019093363130847,
          1.0018638656352643,
          1.001438577272702,
          1.0022515233257119,
          1.0019123624696027,
          1.0008357394275595,
          1.0018703008819754,
          1.0020991743596797,
          1.0022213604766976,
          0.9973913312863714,
          1.0016361687627178,
          1.0021506351654066,
          1.00221632384883,
          1.0000217804968992,
          1.001326368584141,
          1.0003979952547248,
          1.0022440516949869,
          0.9984810522688908,
          1.0018714612651722,
          0.9939846869569685,
          1.0009071681791546,
          1.0018930781024633,
          1.0025899281243333
        ],
        [
          1.501114603779671,
          1.0007565299761718,
          1.0004317052013796,
          0.9984975333270887,
          1.0006837484978275,
          1.0001120869193931,
          0.9993848899285066,
          1.0000596684141614,
          1.0003638372176635,
          1.0008136972665436,
          1.0007011807709036,
          1.003024922317445,
          0.0,
          1.0013359073228743,
          1.0012207575184464,
          1.0000939785212288,
          1.0006280713874156,
          1.0010389133097068,
          1.0008908860417824,
          1.0006943005259,
          1.0006526176919892,
          1.000213623985606,
          1.0010438757496674,
          1.0007005171275016,
          0.9996013240722057,
          1.0006602962869902,
          1.000894013729739,
          1.0010187890390294,
          0.9961810824452431,
          1.0004331234447428,
          1.0009385690607138,
          1.0010057962625598,
          0.9987924617220072,
          1.0001245166709272,
          0.9991766537984766,
          1.0010552783973197,
          0.9971971582164287,
          1.0006716697290534,
          0.9926253400269086,
          0.999688520120271,
          1.0007071728595784,
          1.0032062672325506
        ],
        [
          1.498894861403157,
          1.0020701551299742,
          1.0017386633004257,
          0.9998841186123602,
          1.0020197919487432,
          1.0014221353913042,
          1.0007487398174248,
          1.0014021320330524,
          1.001705378695523,
          1.0021448640086519,
          1.0020348930098297,
          1.0070030487491182,
          1.0013359073228743,
          0.0,
          1.004699408409836,
          1.0014392114444637,
          1.0019637039930447,
          1.0023651446323671,
          1.0022205587014998,
          1.0020298161546657,
          1.0019837607889763,
          1.0015618443988723,
          1.0023730268342574,
          1.002032405122849,
          1.0009581849048554,
          1.0019920511061482,
          1.0022204309364655,
          1.0023423531902247,
          0.9975116155267199,
          1.0017550867558622,
          1.0022725953709044,
          1.00233812698835,
          1.0001455200218923,
          1.0014473087256903,
          1.0005209217200688,
          1.002363654562213,
          0.9986103412815374,
          1.001992185180689,
          0.9941216814112414,
          1.0010298147495744,
          1.002012397054898,
          1.00030118408041
        ],
        [
          1.5032038824634852,
          1.0020479070860697,
          1.0017166339035524,
          0.9998608032087883,
          1.0019974281757844,
          1.0013998760335632,
          1.000725846174905,
          1.0013796285220224,
          1.001682907402835,
          1.0021225881793172,
          1.0020125686894736,
          1.0054298961171966,
          1.0012207575184464,
          1.004699408409836,
          0.0,
          1.0014176169400335,
          1.0019413445267074,
          1.002342962404401,
          1.0021983876591392,
          1.0020075429382909,
          1.0019615603553296,
          1.0015392541914767,
          1.0023507959790952,
          1.0020101918303916,
          1.0009355007352825,
          1.0019697578621038,
          1.0021982383392356,
          1.0023202143869934,
          0.9974889679436199,
          1.0017327493778028,
          1.0022502655275682,
          1.0023158291239587,
          1.0001227789424028,
          1.0014251387410442,
          1.000498346498244,
          1.0023417688552334,
          0.9985865105235837,
          1.001970075520826,
          0.9940962460582498,
          1.0010073114945641,
          1.0019905485640712,
          1.0001696186634128
        ],
        [
          1.5014018900378323,
          1.0012737941517582,
          1.0009497055821068,
          0.9990526706929445,
          1.001213950673085,
          1.0006286346025912,
          0.9999290073446198,
          1.000593809133653,
          1.00089694460282,
          1.0013416814257012,
          1.0012304212167522,
          1.0013189886916098,
          1.0000939785212288,
          1.0014392114444637,
          1.0014176169400335,
          0.0,
          1.5019149935955012,
          1.5024191312544075,
          1.001415847870623,
          1.0012226809669311,
          1.0011792296186326,
          1.0007497051939405,
          1.0015705325298159,
          1.0012273251116937,
          1.000140580190021,
          1.0011888666800002,
          1.00141994294328,
          1.0015433067282056,
          0.9967177411062637,
          1.0009557803160236,
          1.0014674015409721,
          1.001533805325334,
          0.9993337307611257,
          1.0006508014848072,
          0.9997135778151388,
          1.0015737405207517,
          0.9977657689165623,
          1.0011957997268175,
          0.9932371165242917,
          1.0002230984885785,
          1.001225199579717,
          0.9989626139776396
        ],
        [
          1.0013111782620636,
          1.0017961533618849,
          1.0014678356049904,
          0.9995982001722155,
          1.00174367003794,
          1.001148724873047,
          1.0004672371400238,
          1.0011248493077207,
          1.0014282178753657,
          1.001869713362489,
          1.0017592466457896,
          1.0018415985999554,
          1.0006280713874156,
          1.0019637039930447,
          1.0019413445267074,
          1.5019149935955012,
          0.0,
          1.002090996416962,
          1.001942267355569,
          1.0017379953964898,
          1.0016924166421903,
          1.0012833450131124,
          1.0020982214881828,
          1.0017418432348197,
          1.000662984016602,
          1.0017168257151008,
          1.0019462390905403,
          1.0020687138066275,
          0.9972368734971468,
          1.0014801724513533,
          1.001996825447155,
          1.0020626869247924,
          0.999866458710138,
          1.0011741069652365,
          1.0002435630977646,
          1.0020931539672393,
          0.9983193255060311,
          1.0017192908191355,
          0.9938148225109266,
          1.0007529185585047,
          1.0017426553131705,
          0.9994850114774092
        ],
        [
          1.0017035668462655,
          1.002194324065176,
          1.0018628603845647,
          1.0000168467834114,
          1.002147056315533,
          1.0015461562499426,
          1.0008790301284252,
          1.001530184815058,
          1.0018332630989932,
          1.0022716262709226,
          1.0021619302391245,
          1.0022439087053523,
          1.0010389133097068,
          1.0023651446323671,
          1.002342962404401,
          1.5024191312544075,
          1.002090996416962,
          0.0,
          1.002344012341533,
          1.002141454934047,
          1.0020945770822915,
          1.0016904080343447,
          1.0024995271295074,
          1.0021442173184276,
          1.0010728862310492,
          1.00211891513124,
          1.0023467170248035,
          1.0024683303797566,
          0.9976391767224462,
          1.0018802707515786,
          1.0023996084362596,
          1.002464957856853,
          1.000274972788139,
          1.0015734830776206,
          1.000649423046834,
          1.0024881807597146,
          0.9987460032417931,
          1.0021179843230397,
          0.9942666047780099,
          1.0011578839704913,
          1.0021367258968275,
          0.9998933038258916
        ],
        [
          1.514766435084847,
          1.0020481883753203,
          1.0017170817437253,
          0.9998610722129152,
          1.0019983709561084,
          1.0013998454700799,
          1.0007263807184803,
          1.0013803634284644,
          1.0016837493432806,
          1.002123569114537,
          1.0020135137713582,
          1.00210127152053,
          1.0008908860417824,
          1.0022205587014998,
          1.0021983876591392,
          1.001415847870623,
          1.001942267355569,
          1.002344012341533,
          0.0,
          1.002423265122833,
          1.0024819420092381,
          1.0015401160889397,
          1.0023519142321473,
          1.0020106443636525,
          1.0009356216953624,
          1.0019706875443684,
          1.0021992403143036,
          1.0023212549667058,
          0.9974879823224605,
          1.001733076771722,
          1.0022512150288458,
          1.0023168000825422,
          1.00012310423718,
          1.0014258768753495,
          1.0004987917710388,
          1.0023427842701418,
          0.9985863410459495,
          1.00197096212156,
          0.9940946906988679,
          1.001007908277815,
          1.0019914529200113,
          0.9997513075110748
        ],
        [
          1.3707312824524969,
          1.0018463796206898,
          1.0015168127406187,
          0.9996475728470882,
          1.0017940741861366,
          1.001197950879134,
          1.0005169465113315,
          1.0011746500168448,
          1.001478393455095,
          1.0019201040977868,
          1.001809582029782,
          1.0019093363130847,
          1.0006943005259,
          1.0020298161546657,
          1.0020075429382909,
          1.0012226809669311,
          1.0017379953964898,
          1.002141454934047,
          1.002423265122833,
          0.0,
          1.2543062195869228,
          1.0013479170000827,
          1.00216310364391,
          1.0018125459015412,
          1.0007325411736672,
          1.0017670281430546,
          1.0019965546316187,
          1.0021190897220558,
          0.9972810831941735,
          1.0015301383026667,
          1.0020472847171136,
          1.002113180286547,
          0.9999149208301306,
          1.0012232183574796,
          1.0002922117900586,
          1.002142946075016,
          0.9983678028275969,
          1.0017689880182712,
          0.9938604572278894,
          1.000802100410318,
          1.001791875521441,
          0.9995528256419082
        ],
        [
          1.4177537239567255,
          1.0018010233840564,
          1.0014731347016592,
          0.9996086212314437,
          1.0017482518328156,
          1.001155323226982,
          1.000475298510084,
          1.0011311124853832,
          1.0014336548049627,
          1.0018739471489282,
          1.001763781753471,
          1.0018638656352643,
          1.0006526176919892,
          1.0019837607889763,
          1.0019615603553296,
          1.0011792296186326,
          1.0016924166421903,
          1.0020945770822915,
          1.0024819420092381,
          1.2543062195869228,
          0.0,
          1.5023734087882432,
          1.5033015972448298,
          1.0017681222198616,
          1.0006915718694949,
          1.0017214734042554,
          1.0019502605443737,
          1.0020724008840296,
          0.9972537071748255,
          1.001485826328636,
          1.0020004611095832,
          1.002066151156792,
          0.999876114611077,
          1.0011802067894704,
          1.0002521970164293,
          1.0020967086740085,
          0.9983330378602125,
          1.0017238224022793,
          0.9938408158132759,
          1.0007601148129304,
          1.0017471916706988,
          0.9995165383417774
        ],
        [
          1.0009337497370154,
          1.0013971479005286,
          1.0010711734180344,
          0.9991734997663032,
          1.001339341342278,
          1.0007488951191577,
          1.0000514553480229,
          1.0007170859549137,
          1.0010214751633921,
          1.0014671570504143,
          1.0013556557813756,
          1.001438577272702,
          1.000213623985606,
          1.0015618443988723,
          1.0015392541914767,
          1.0007497051939405,
          1.0012833450131124,
          1.0016904080343447,
          1.0015401160889397,
          1.0013479170000827,
          1.5023734087882432,
          0.0,
          1.0016969663009343,
          1.0013385171928417,
          1.0002495561491251,
          1.001313724692006,
          1.0015452975450436,
          1.0016689262820715,
          0.99682279860039,
          1.0010784799537398,
          1.001593695717054,
          1.0016602266328163,
          0.9994524998174199,
          1.00077240162197,
          0.9998331560797135,
          1.001697995801966,
          0.9978835471406755,
          1.0013195728045252,
          0.9933432964104221,
          1.0003446238404923,
          1.0013476052130101,
          0.999070325568922
        ],
        [
          1.0017266000647433,
          1.0022017360749693,
          1.001869427445893,
          1.0000195768671962,
          1.0021544668466462,
          1.0015520294012858,
          1.0008836377211334,
          1.001536186070048,
          1.001839970514309,
          1.0022792990259286,
          1.0021693610780504,
          1.0022515233257119,
          1.0010438757496674,
          1.0023730268342574,
          1.0023507959790952,
          1.0015705325298159,
          1.0020982214881828,
          1.0024995271295074,
          1.0023519142321473,
          1.00216310364391,
          1.5033015972448298,
          1.0016969663009343,
          0.0,
          1.0021515988152487,
          1.0010779081781462,
          1.0021262324457902,
          1.0023545365163002,
          1.002476418038856,
          0.9976360100829559,
          1.001886983491749,
          1.002407590935743,
          1.0024730835474776,
          1.0002780959281228,
          1.0015794619881733,
          1.0006533686675865,
          1.002496216575524,
          0.9987459234429409,
          1.0021252232697604,
          0.9942566392716395,
          1.0011630003337013,
          1.002143915980018,
          0.9998955024812161
        ],
        [
          1.3984698122195343,
          1.0018499449901508,
          1.0015212149594104,
          0.9996570336633127,
          1.0017977732945758,
          1.001203238015292,
          1.0005240738068568,
          1.0011800043022432,
          1.0014829390451587,
          1.0019234617746469,
          1.0018132370406494,
          1.0019123624696027,
          1.0007005171275016,
          1.002032405122849,
          1.0020101918303916,
          1.0012273251116937,
          1.0017418432348197,
          1.0021442173184276,
          1.0020106443636525,
          1.0018125459015412,
          1.0017681222198616,
          1.0013385171928417,
          1.0021515988152487,
          0.0,
          1.2726762191626224,
          1.0017844744458144,
          1.0020133586485174,
          1.0021356203974807,
          0.997296742464385,
          1.0015345447104742,
          1.0020502733579342,
          1.0021159917727376,
          0.9999236315109253,
          1.0012284196716958,
          1.0002999117243396,
          1.0021456748732054,
          0.9983806683701154,
          1.0017727218217942,
          0.9938852986609802,
          1.0008084369935555,
          1.0017955402902767,
          0.9995623319939468
        ],
        [
          1.3722392699579857,
          1.0007846476989273,
          1.0004643925050138,
          0.9985373567547204,
          1.0007185724173262,
          1.000140005924582,
          0.9994225875602007,
          1.0000956803803636,
          1.000399349237754,
          1.0008481801766376,
          1.0007359114972922,
          1.0008357394275595,
          0.9996013240722057,
          1.0009581849048554,
          1.0009355007352825,
          1.000140580190021,
          1.000662984016602,
          1.0010728862310492,
          1.0009356216953624,
          1.0007325411736672,
          1.0006915718694949,
          1.0002495561491251,
          1.0010779081781462,
          1.2726762191626224,
          0.0,
          1.5021207438647861,
          1.5018228858508857,
          1.503153118279075,
          0.9962210457055848,
          1.0004641429553127,
          1.000972648831664,
          1.0010397263795325,
          0.9988309890211539,
          1.000160012468031,
          0.9992143086610649,
          1.001088761462142,
          0.9972397100089957,
          1.0007060618338393,
          0.9926778969467991,
          0.9997251521493992,
          1.0007412296632336,
          0.9984698228891871
        ],
        [
          1.0013564243807402,
          1.0018246906017858,
          1.0014969619677454,
          0.9996334465086184,
          1.001772683635475,
          1.0011787879885143,
          1.0004999167197586,
          1.0011554990354712,
          1.0014581101782962,
          1.0018983215239303,
          1.0017881753198412,
          1.0018703008819754,
          1.0006602962869902,
          1.0019920511061482,
          1.0019697578621038,
          1.0011888666800002,
          1.0017168257151008,
          1.00211891513124,
          1.0019706875443684,
          1.0017670281430546,
          1.0017214734042554,
          1.001313724692006,
          1.0021262324457902,
          1.0017844744458144,
          1.5021207438647861,
          0.0,
          1.00197490622671,
          1.0020971645906065,
          0.9972767388603452,
          1.0015096095280083,
          1.002025188529148,
          1.0020908552982177,
          0.9999003770082435,
          1.0012042380972594,
          1.0002763886877144,
          1.002120759503721,
          0.9983582087709627,
          1.0017480540900006,
          0.9938662233570336,
          1.0007844500865428,
          1.001771050117326,
          0.9995198512372142
        ],
        [
          1.0015796078316126,
          1.0020512090384717,
          1.0017216883415823,
          0.9998715957288415,
          1.0020021685346459,
          1.0014048808395954,
          1.0007341739338604,
          1.0013860879859688,
          1.0016885363292996,
          1.0021269692744585,
          1.0020172606185422,
          1.0020991743596797,
          1.000894013729739,
          1.0022204309364655,
          1.0021982383392356,
          1.00141994294328,
          1.0019462390905403,
          1.0023467170248035,
          1.0021992403143036,
          1.0019965546316187,
          1.0019502605443737,
          1.0015452975450436,
          1.0023545365163002,
          1.0020133586485174,
          1.5018228858508857,
          1.00197490622671,
          0.0,
          1.0023244885831109,
          0.9975055731025498,
          1.0017372219103764,
          1.0022543321198643,
          1.002319708126732,
          1.000132764440593,
          1.00143143745489,
          1.000507269212201,
          1.002345491843538,
          0.9986009165781263,
          1.0019748692966282,
          0.9941231781285785,
          1.001014825574301,
          1.001995235790864,
          0.9997521097442196
        ],
        [
          1.0016988966701026,
          1.0021721375801638,
          1.0018416604789357,
          0.9999987397750613,
          1.0021246813407556,
          1.0015255833376309,
          1.0008592378014085,
          1.0015091915836165,
          1.0018115524048141,
          1.0022490347715773,
          1.0021395599936194,
          1.0022213604766976,
          1.0010187890390294,
          1.0023423531902247,
          1.0023202143869934,
          1.0015433067282056,
          1.0020687138066275,
          1.0024683303797566,
          1.0023212549667058,
          1.0021190897220558,
          1.0020724008840296,
          1.0016689262820715,
          1.002476418038856,
          1.0021356203974807,
          1.503153118279075,
          1.0020971645906065,
          1.0023244885831109,
          0.0,
          0.9976277469258816,
          1.0018587350783796,
          1.0023766626254542,
          1.0024418832205282,
          1.0002568308989963,
          1.0015527307764243,
          1.0006305301910177,
          1.002465466044404,
          0.998730497840396,
          1.0020959566031662,
          0.9942603766335248,
          1.0011378159453979,
          1.0021149186156757,
          0.9998761094138088
        ],
        [
          0.9971507241910621,
          0.9982261440953383,
          1.0219489819490726,
          0.9951524478457755,
          0.9972949156622481,
          0.9972630411211089,
          0.9960246578460797,
          0.9967019234190504,
          0.9969784904699144,
          0.9974192320682758,
          0.997309726348772,
          0.9973913312863714,
          0.9961810824452431,
          0.9975116155267199,
          0.9974889679436199,
          0.9967177411062637,
          0.9972368734971468,
          0.9976391767224462,
          0.9974879823224605,
          0.9972810831941735,
          0.9972537071748255,
          0.99682279860039,
          0.9976360100829559,
          0.997296742464385,
          0.9962210457055848,
          0.9972767388603452,
          0.9975055731025498,
          0.9976277469258816,
          0.0,
          1.0471911598613377,
          0.9975343233826316,
          0.9975998140924478,
          1.4997122141803017,
          1.495541176270597,
          1.4948694423349969,
          1.0277650302250385,
          1.1070977561214694,
          1.1048909642888969,
          1.485385285789298,
          1.2404508987194856,
          1.447281875506552,
          1.501504233129286
        ],
        [
          1.0014348641439847,
          1.0036221625167197,
          1.0168035987187396,
          0.9994131104697092,
          1.0015418368369697,
          1.0020556538693866,
          1.0002793789437474,
          1.0009343578156993,
          1.001222778352247,
          1.0016608289540239,
          1.0015526542244053,
          1.0016361687627178,
          1.0004331234447428,
          1.0017550867558622,
          1.0017327493778028,
          1.0009557803160236,
          1.0014801724513533,
          1.0018802707515786,
          1.001733076771722,
          1.0015301383026667,
          1.001485826328636,
          1.0010784799537398,
          1.001886983491749,
          1.0015345447104742,
          1.0004641429553127,
          1.0015096095280083,
          1.0017372219103764,
          1.0018587350783796,
          1.0471911598613377,
          0.0,
          1.3723252346546801,
          1.3330676507848456,
          0.9996837525382009,
          1.0009807463848601,
          1.000057547336016,
          1.0018859784479126,
          0.9981399512519891,
          1.0015156254594686,
          0.993678071855851,
          1.0005586034570872,
          1.0015449217439925,
          1.5349662173421599
        ],
        [
          1.0016105057682771,
          1.002103225185177,
