{
  "generated_by": {
    "program": "augur",
    "version": "24.3.0"
  },
  "models": {
    "Lineage": {
      "alphabet": [
        "2I",
        "2II",
        "2III",
        "2III_A",
        "2III_A.1",
        "2III_A.2",
        "2III_B",
        "2III_C",
        "2III_C.1",
        "2III_C.1.1",
        "2III_C.1.2",
        "2III_C.2",
        "2III_D",
        "2III_D.1.1",
        "2III_D.1.2",
        "2III_D.1.3",
        "2III_D.2",
        "2III_D.3",
        "2II_A",
        "2II_A.1",
        "2II_A.2.1",
        "2II_A.2.2",
        "2II_B",
        "2II_C",
        "2II_C.1",
        "2II_C.2",
        "2II_D",
        "2II_D.1",
        "2II_D.2",
        "2II_D.3",
        "2II_E",
        "2II_E.1",
        "2II_E.2",
        "2II_F",
        "2II_F.1",
        "2II_F.1.2",
        "2II_F.2",
        "2II_F.2.1",
        "2II_F.2.2",
        "2IV",
        "2V",
        "2V_A",
        "2V_A.1",
        "2V_A.2",
        "2V_A.3",
        "2V_A.4",
        "2V_C",
        "2V_D",
        "2V_E",
        "?"
      ],
      "equilibrium_probabilities": [
        0.02094471929362822,
        0.020180298767870825,
        0.019778553038713786,
        0.020239192768209548,
        0.02042439863398367,
        0.020414361523335894,
        0.020925097272772874,
        0.0206782604049042,
        0.02014784962174493,
        0.020386009845770096,
        0.020275351570702475,
        0.020211565013341325,
        0.02032444823563786,
        0.020283591051912377,
        0.02047841304097927,
        0.020175508203496288,
        0.0207487301929833,
        0.02019743920966133,
        0.02010515246320944,
        0.02090976225917249,
        0.02047749923406273,
        0.020442066855156555,
        0.020507087935618264,
        0.020368418440362263,
        0.02055332039491363,
        0.020410570894533096,
        0.020393259566069858,
        0.02043482550258768,
        0.020424265115700384,
        0.02044605683202972,
        0.020346057999420148,
        0.020459735446470666,
        0.02047287714920479,
        0.0203022099429965,
        0.02064737094925112,
        0.0206817527766106,
        0.020429434775637332,
        0.020442607680236497,
        0.020418433430152063,
        0.02035698317230938,
        0.02060049493754243,
        0.020435119717338805,
        0.02032095550426853,
        0.02032874355383925,
        0.020304640044085817,
        0.02029676527946606,
        0.020263519480944913,
        0.020302108170194715,
        0.020304116806966047
      ],
      "rate": 13.378295924244552,
      "transition_matrix": [
        [
          0.0,
          1.0699368669707017,
          1.05115753831308,
          1.0607941387076323,
          1.001505633085148,
          1.0015424648400915,
          0.9988020033378922,
          0.9988780359610211,
          1.0014119389378415,
          1.0004155649803232,
          1.0008757027611153,
          1.0011430592922308,
          0.9987097091447572,
          1.0007641724777467,
          0.9999584815732456,
          1.001219705092093,
          0.9988615551890601,
          1.0011267054620854,
          1.0917793955749142,
          0.9992874741763169,
          1.0012403291632646,
          1.0013392111124237,
          1.0410617502506174,
          1.0010427003854971,
          1.000758687644736,
          1.0013427716005607,
          1.0009975843068828,
          1.001219847671967,
          1.0012717944035603,
          1.001185677005902,
          1.0013113859858755,
          1.001270902825264,
          1.0012170319862526,
          1.0008313297625626,
          0.9995488298742795,
          0.9995911575626203,
          1.001471889833261,
          1.0013908647704777,
          1.001491463003495,
          1.0869757922038685,
          1.1874424623450524,
          1.0008400541236049,
          1.0014987008849199,
          1.00152792382935,
          1.0013603853444846,
          1.0013923356932042,
          1.0017482955012456,
          1.0016750571910198,
          1.0016685107590286
        ],
        [
          1.0699368669707017,
          0.0,
          1.0296854417554926,
          1.0356196536926625,
          1.0004642340510173,
          1.0004999435065693,
          0.9978475514596342,
          0.997933431620838,
          1.0004826820500574,
          0.9995149623722125,
          0.9999618951143644,
          1.0002215572660984,
          0.9977890167994451,
          0.9998543775617066,
          0.9990717659737046,
          1.0002967941649448,
          0.9980059749790138,
          1.0002064762761729,
          1.3768798677263663,
          0.9982752259815887,
          1.0002578712878216,
          1.0003418349274147,
          1.4079623908196064,
          1.509803602006054,
          0.9998393669821191,
          1.0004130727661413,
          1.5015918527864722,
          1.00029094571184,
          1.0003418952325525,
          1.0002655332154813,
          1.5010177341943607,
          1.000762700090845,
          1.0002877793565643,
          1.483455419968102,
          0.9987153962817163,
          0.9987349877202819,
          1.0287219453226664,
          1.0781960407862492,
          1.0416333857078601,
          1.0506355015401438,
          1.0986844436860057,
          0.999468057578141,
          1.000486895291949,
          1.0005343104321347,
          1.0004255486203542,
          1.0004565828673595,
          1.000592204928133,
          1.0004622188944958,
          1.0004557011666146
        ],
        [
          1.05115753831308,
          1.0296854417554926,
          0.0,
          1.5418764227586768,
          0.9996760335251454,
          0.9997111972391476,
          1.4960871324123282,
          1.4958584887163657,
          0.9996791862768883,
          0.9987230368245451,
          0.9991647215610925,
          0.9994212609454637,
          1.4961940103792408,
          0.9990592231167706,
          0.9982858031510162,
          0.9994962908520597,
          0.9976413041320786,
          0.9994071076207153,
          1.0393300299731465,
          0.9974613910308375,
          0.9993979389924587,
          0.9994782692513764,
          1.0170330524353444,
          0.9991924623936072,
          0.9990311670215564,
          0.9995919208773264,
          0.9991488174055748,
          0.9994743743176635,
          0.9995241416969481,
          0.9994414389099578,
          0.9994476272638341,
          0.9995202313624437,
          0.9994685616259955,
          0.9990070791332032,
          0.9978866353793028,
          0.9979233846464792,
          0.9997025188518297,
          0.999614296339321,
          0.999718628533878,
          1.0740814318940635,
          1.1415370831273761,
          0.9986909520274373,
          0.9996807049574187,
          0.9997256585084893,
          0.9996166537578481,
          0.9996473279744237,
          0.9997904092482942,
          0.9996615033331511,
          0.999655085393301
        ],
        [
          1.0607941387076323,
          1.0356196536926625,
          1.5418764227586768,
          0.0,
          1.4642777429137541,
          1.4649382398537405,
          0.9983644704555031,
          0.9984448464102201,
          1.0009743037269918,
          1.000008725452275,
          1.0004546547103688,
          1.0007137447368675,
          0.9982910910601297,
          1.0003469296602059,
          0.9995660987549331,
          1.0007883862955396,
          0.9985028643048207,
          1.0006982613184758,
          1.0467040779601278,
          0.9987564084974181,
          1.0007129405127266,
          1.0007937738361987,
          1.021081783270927,
          1.000495648804436,
          1.000336404106374,
          1.0009024664742505,
          1.0004524784210467,
          1.0007834345979478,
          1.0008338132818295,
          1.0007503747370452,
          1.0007560080366942,
          1.0008321389181742,
          1.0007799772597785,
          1.0003012701969702,
          0.9991681648390809,
          0.9992081296895831,
          1.0010181006409469,
          1.0009290725304016,
          1.001034095482092,
          1.0867301292596165,
          1.164321501456259,
          1.000001538931623,
          1.000991693431094,
          1.0010373498741385,
          1.0009208768105335,
          1.0009518361617935,
          1.0011068466150863,
          1.0009788670110977,
          1.00097243396792
        ],
        [
          1.001505633085148,
          1.0004642340510173,
          0.9996760335251454,
          1.4642777429137541,
          0.0,
          1.0870374650114234,
          0.998120728786724,
          0.9982041544910597,
          1.0008328255636145,
          0.9998584823045821,
          1.0003084562513098,
          1.000569898536135,
          0.9980527392067323,
          1.0001998642179304,
          0.9994119589203915,
          1.0006453356842586,
          0.9983390592286537,
          1.0005543899752225,
          1.0007548993515898,
          0.9985088575504096,
          1.0005149878847035,
          1.0005887021382982,
          1.0002051564548107,
          1.000283330093185,
          1.0001874666337798,
          1.0007586720863166,
          1.0002398874985508,
          1.000638584988486,
          1.0006894500036696,
          1.0006052673945933,
          1.000545972326591,
          1.0006874843069988,
          1.0006348645247676,
          1.0000922460042052,
          0.9990101034210535,
          0.9990500362385818,
          1.0008693868687217,
          1.0007734788564473,
          1.0008837195248101,
          1.001058351116822,
          1.0007602999901897,
          0.9995701026161123,
          1.0008000077697141,
          1.0008589778106487,
          1.0007776740470993,
          1.0008089121838555,
          1.0008327888524917,
          1.0006735002462652,
          1.0006668367189584
        ],
        [
          1.0015424648400915,
          1.0004999435065693,
          0.9997111972391476,
          1.4649382398537405,
          1.0870374650114234,
          0.0,
          0.9981585640876757,
          0.9982415237340223,
          1.0008681601994316,
          0.9998946457103309,
          1.0003442360466686,
          1.0006054560913114,
          0.9980895538542381,
          1.0002357042465373,
          0.9994484720095662,
          1.000680798103099,
          0.9983764950829054,
          1.0005899292898635,
          1.0007903940369285,
          0.9985465040919239,
          1.000551045504582,
          1.0006246668806846,
          1.0002414877739039,
          1.0003192840747606,
          1.0002237849170013,
          1.0007944992755788,
          1.0002759034676438,
          1.000674505374591,
          1.0007253305790813,
          1.000641221723159,
          1.0005817763082878,
          1.0007234278323784,
          1.0006708532894653,
          1.0001281805656195,
          0.9990470844584941,
          0.9990870601173529,
          1.000905210923816,
          1.0008093690429591,
          1.0009195188708655,
          1.0010942142279498,
          1.0007967960139934,
          0.999606484206538,
          1.0008356667767677,
          1.0008946249554747,
          1.0008133072234788,
          1.0008445183279049,
          1.0008683318336749,
          1.000709173090785,
          1.000702515979332
        ],
        [
          0.9988020033378922,
          0.9978475514596342,
          1.4960871324123282,
          0.9983644704555031,
          0.998120728786724,
          0.9981585640876757,
          0.0,
          0.9954874352502,
          0.9982341472602045,
          0.9972105474387353,
          0.9976833341304036,
          0.9979579825648163,
          0.995378518128431,
          0.9975716075391518,
          0.9967436548055312,
          0.9980395048059593,
          0.9956157863155275,
          0.9979439951275549,
          0.9981516007556941,
          0.9957681186134019,
          0.9978671760631657,
          0.9979468377216584,
          0.9975439505439604,
          0.9976457520538454,
          0.997524290214174,
          0.9981247503875192,
          0.9975982696075714,
          0.9979992486262765,
          0.9980524376656181,
          0.9979638459948766,
          0.9979162804820504,
          0.9980458736119193,
          0.997990559089697,
          0.9974584053530599,
          0.9963122557875504,
          0.9963485506557419,
          0.9982344613895582,
          0.9981349326304831,
          0.9982504641731093,
          0.9984280705796273,
          0.9980888101953304,
          0.9969095193757014,
          0.9981780001278814,
          0.9982370997797771,
          0.9981577499646517,
          0.998190600173131,
          0.9982188983696056,
          0.9980519006051627,
          0.9980448460772156
        ],
        [
          0.9988780359610211,
          0.997933431620838,
          1.4958584887163657,
          0.9984448464102201,
          0.9982041544910597,
          0.9982415237340223,
          0.9954874352502,
          0.0,
          1.497562690022158,
          1.4963426269761952,
          1.4972781564964084,
          1.4974967760747804,
          0.9954941903915087,
          0.9976610653452672,
          0.9968432257019798,
          0.998123244647841,
          0.9957291178785249,
          0.9980289022838529,
          0.9982337178601169,
          0.9958800779114911,
          0.9979537247634026,
          0.9980323727450678,
          0.997634204803971,
          0.9977345559133002,
          0.9976149631272369,
          0.9982080757839153,
          0.997687687902345,
          0.9980840966928125,
          0.9981366405311064,
          0.9980491351116216,
          0.9980018773376423,
          0.998130239753833,
          0.9980756023021959,
          0.9975492844481907,
          0.9964172752719597,
          0.996453230367327,
          0.9983166018211449,
          0.9982182767878484,
          0.9983323935098914,
          0.9985075004452932,
          0.9981728600935871,
          0.9970071008298088,
          0.9982605178276471,
          0.9983189455205991,
          0.9982404295667071,
          0.9982728772401905,
          0.998300792430536,
          0.9981358084111813,
          0.9981288415221263
        ],
        [
          1.0014119389378415,
          1.0004826820500574,
          0.9996791862768883,
          1.0009743037269918,
          1.0008328255636145,
          1.0008681601994316,
          0.9982341472602045,
          1.497562690022158,
          0.0,
          1.0002542269491552,
          1.0003920174761234,
          1.0006479112852047,
          0.9981648750947529,
          1.0002829504204704,
          0.9995063769983653,
          1.0007220159259265,
          0.9984488974513568,
          1.0006323779064359,
          1.0007532896393658,
          0.998616931584776,
          1.0005946375049903,
          1.0006672265868257,
          1.0002505878484274,
          1.0003655486370233,
          1.000271708790209,
          1.000834682763348,
          1.0003227794235683,
          1.000716305048656,
          1.000766449290494,
          1.000683484632904,
          1.000624561146285,
          1.0007646361237976,
          1.0007127748618765,
          1.0001769037646042,
          0.9991105929260816,
          0.9991500964358588,
          1.0009440760470372,
          1.0008495705620477,
          1.0009581915602108,
          1.0010172608425987,
          1.000683693865063,
          0.999662122341962,
          1.0008751988277373,
          1.0009333814978345,
          1.0008530376707663,
          1.0008838246444052,
          1.0009072753189718,
          1.000750182246849,
          1.000743616986188
        ],
        [
          1.0004155649803232,
          0.9995149623722125,
          0.9987230368245451,
          1.000008725452275,
          0.9998584823045821,
          0.9998946457103309,
          0.9972105474387353,
          1.4963426269761952,
          1.0002542269491552,
          0.0,
          0.9994207470636784,
          0.9996820425355303,
          0.997169100529648,
          0.9993099832277494,
          0.9985164794083149,
          0.9997585409766485,
          0.9974357724538672,
          0.9996669703843734,
          0.9997914075556203,
          0.9975978018478459,
          0.9996152392767349,
          0.9996902255458381,
          0.9992656334088538,
          0.9993893494681817,
          0.9992857781231949,
          0.999861109999046,
          0.9993449700925998,
          0.9997404068618032,
          0.9997915461348168,
          0.999706723430761,
          0.9996519847897295,
          0.9997880262784008,
          0.9997350266505167,
          0.9992015690493694,
          0.9981086765157303,
          0.998146944597858,
          0.9999704082360061,
          0.9998742865472569,
          0.9999851747778786,
          1.0000461305509876,
          0.9996966410862412,
          0.9986755147960014,
          0.9999061300380023,
          0.999964526676517,
          0.999884699270242,
          0.9999161667172539,
          0.9999413006891069,
          0.9997809452019526,
          0.9997742171815694
        ],
        [
          1.0008757027611153,
          0.9999618951143644,
          0.9991647215610925,
          1.0004546547103688,
          1.0003084562513098,
          1.0003442360466686,
          0.9976833341304036,
          1.4972781564964084,
          1.0003920174761234,
          0.9994207470636784,
          0.0,
          1.0001281812553264,
          0.9976290464296788,
          0.9997593382526522,
          0.998973672385222,
          1.000203501353543,
          0.9979037180395777,
          1.0001128255021061,
          1.0002356389871336,
          0.9980685138816642,
          1.0000675542690405,
          1.0001414319016988,
          0.9997205260522607,
          0.9998401938025848,
          0.9997411170524328,
          1.0003107278966976,
          0.9997965589404118,
          1.0001911016871854,
          1.0002417801746257,
          1.0001578175940737,
          1.0001011491233764,
          1.0002390481292653,
          1.000186575504112,
          0.9996520212452987,
          0.9985714292081724,
          0.9986102663050801,
          1.000420067587238,
          1.000324694852098,
          1.000434533223176,
          1.0004946225694673,
          1.000152496841703,
          0.9991311856159695,
          1.000353668385209,
          1.0004119645160987,
          1.0003319005656723,
          1.0003630529910994,
          1.0003874097672867,
          1.000228564420038,
          1.0002219117320055
        ],
        [
          1.0011430592922308,
          1.0002215572660984,
          0.9994212609454637,
          1.0007137447368675,
          1.000569898536135,
          1.0006054560913114,
          0.9979579825648163,
          1.4974967760747804,
          1.0006479112852047,
          0.9996820425355303,
          1.0001281812553264,
          0.0,
          0.9978962266862855,
          1.0000204084136761,
          0.9992392822997429,
          1.0004620262817467,
          0.9981755563069977,
          1.0003718686244394,
          1.000493735649806,
          0.9983419645911451,
          1.0003303519192472,
          1.0004035865724892,
          0.9999848127527238,
          1.0001021317894045,
          1.0000056662831762,
          1.0005719634398083,
          1.0000589288331962,
          1.0004529607097468,
          1.0005033724132888,
          1.0004199080646474,
          1.0003621161629388,
          1.0005010983965401,
          1.0004489310161095,
          0.9999137260596855,
          0.9988402626630225,
          0.9988794315236278,
          1.0006813291088599,
          1.0005863896568028,
          1.000695620103006,
          1.0007552027044013,
          1.0004173479477236,
          0.9993959131535494,
          1.0006136953149494,
          1.0006719343071133,
          1.0005917314120782,
          1.0006227013730618,
          1.0006466064722381,
          1.0004886359034588,
          1.0004820268617407
        ],
        [
          0.9987097091447572,
          0.9977890167994451,
          1.4961940103792408,
          0.9982910910601297,
          0.9980527392067323,
          0.9980895538542381,
          0.995378518128431,
          0.9954941903915087,
          0.9981648750947529,
          0.997169100529648,
          0.9976290464296788,
          0.9978962266862855,
          0.0,
          1.4974460963385336,
          1.4951878420611167,
          1.4970371645665466,
          1.4936851207742041,
          1.4970942510131313,
          0.9980847550222252,
          0.9957644262245471,
          0.9978061710952586,
          0.9978837920484425,
          0.9974918759184828,
          0.9975918719268411,
          0.9974725683954944,
          0.9980567229961558,
          0.9975455788307932,
          0.9979346714000956,
          0.9979864013071703,
          0.9979002108399997,
          0.9978547487249758,
          0.9979797673218566,
          0.9979259554603725,
          0.9974104357022605,
          0.9962948293004473,
          0.9963298249495481,
          0.9981631662299908,
          0.9980664307230099,
          0.9981787896819997,
          0.9983513322723903,
          0.998020183583266,
          0.996876426247793,
          0.9981091250593048,
          0.9981664569943915,
          0.9980895419009734,
          0.9981214998899817,
          0.9981492581231698,
          0.9979867709664444,
          0.9979799062048699
        ],
        [
          1.0007641724777467,
          0.9998543775617066,
          0.9990592231167706,
          1.0003469296602059,
          1.0001998642179304,
          1.0002357042465373,
          0.9975716075391518,
          0.9976610653452672,
          1.0002829504204704,
          0.9993099832277494,
          0.9997593382526522,
          1.0000204084136761,
          1.4974460963385336,
          0.0,
          0.9988652102953598,
          1.000096332274108,
          0.9977932292494337,
          1.0000055726983403,
          1.000128529078993,
          0.997956938954858,
          0.9999586182742576,
          1.0000326973377789,
          0.9996112915471347,
          0.9997318187119265,
          0.9996317419343224,
          1.000202218602195,
          0.999688043153221,
          1.0000824408337545,
          1.0001331847078274,
          1.000049090451094,
          0.999992942321023,
          1.0001302639168095,
          1.000077711552899,
          0.9995439164307848,
          0.9984613277750753,
          0.9984999909874596,
          1.0003114512301745,
          1.0002159852812333,
          1.0003259768600188,
          1.0003862421550258,
          1.0000426586278137,
          0.9990222913578922,
          1.0002456270417257,
          1.0003038938100077,
          1.0002239583068255,
          1.0002551585749977,
          1.0002796840040917,
          1.000120615634709,
          1.000113950807563
        ],
        [
          0.9999584815732456,
          0.9990717659737046,
          0.9982858031510162,
          0.9995660987549331,
          0.9994119589203915,
          0.9994484720095662,
          0.9967436548055312,
          0.9968432257019798,
          0.9995063769983653,
          0.9985164794083149,
          0.998973672385222,
          0.9992392822997429,
          1.4951878420611167,
          0.9988652102953598,
          0.0,
          0.9993171658922548,
          0.9969737285054848,
          0.999224836395641,
          0.9993506554605678,
          0.9971326353109985,
          0.99916660293601,
          0.9992426255867839,
          0.9988147430181783,
          0.9989423681694518,
          0.9988344212940491,
          0.9994149372981738,
          0.9988972876133559,
          0.9992932691090642,
          0.9993448217749363,
          0.9992592182334947,
          0.9992064444674411,
          0.9993405222444817,
          0.999287045087308,
          0.9987551406470708,
          0.9976509757937362,
          0.9976886453099746,
          0.9995241007601425,
          0.9994273189655817,
          0.999539153533063,
          0.9996009255470157,
          0.999244430633524,
          0.9982243584316965,
          0.9994619855797812,
          0.9995204312127277,
          0.9994409070235437,
          0.9994726600976418,
          0.9994985456083841,
          0.9993368279361762,
          0.9993300309363312
        ],
        [
          1.001219705092093,
          1.0002967941649448,
          0.9994962908520597,
          1.0007883862955396,
          1.0006453356842586,
          1.000680798103099,
          0.9980395048059593,
          0.998123244647841,
          1.0007220159259265,
          0.9997585409766485,
          1.000203501353543,
          1.0004620262817467,
          1.4970371645665466,
          1.000096332274108,
          0.9993171658922548,
          0.0,
          0.9982562870936537,
          1.0004468950809169,
          1.0005682844172554,
          0.9984228066951197,
          1.0004063902404465,
          1.0004793758081163,
          1.0000615848346293,
          1.000178121879755,
          1.000082491567519,
          1.0006473388152115,
          1.0001350809878264,
          1.0005286198720795,
          1.000578910620715,
          1.0004956628244968,
          1.0004375988024756,
          1.000576770226715,
          1.0005247364245775,
          0.9999898155392989,
          0.9989193419680359,
          0.9989585717733707,
          1.0007566169523663,
          1.000661885862375,
          1.0007708452839936,
          1.000830235551304,
          1.0004939101099897,
          0.9994733255645715,
          1.0006886875897156,
          1.0007468588660733,
          1.0006666856716193,
          1.0006975759618282,
          1.0007213311226688,
          1.0005637499504902,
          1.0005571592747964
        ],
        [
          0.9988615551890601,
          0.9980059749790138,
          0.9976413041320786,
          0.9985028643048207,
          0.9983390592286537,
          0.9983764950829054,
          0.9956157863155275,
          0.9957291178785249,
          0.9984488974513568,
          0.9974357724538672,
          0.9979037180395777,
          0.9981755563069977,
          1.4936851207742041,
          0.9977932292494337,
          0.9969737285054848,
          0.9982562870936537,
          0.0,
          0.9981618037012562,
          0.9982913622516758,
          0.9960097728123728,
          0.9980880609729628,
          0.9981667414140997,
          0.9977299615693574,
          0.9978672642800632,
          0.9977486000212443,
          0.9983428874387152,
          0.9978204003465448,
          0.9982186232279369,
          0.9982712863857695,
          0.9981836128175391,
          0.9981354120434001,
          0.9982651125988833,
          0.9982103668445419,
          0.9976809024880653,
          0.9965471821611724,
          0.9965835103665782,
          0.9984519771978009,
          0.9983533846237476,
          0.9984677493508495,
          0.998531582866167,
          0.9981574695865149,
          0.9971375624410745,
          0.9983948894076733,
          0.9984535915198413,
          0.9983746106187052,
          0.998407122003027,
          0.998434859430411,
          0.998269507461206,
          0.9982625293069722
        ],
        [
          1.0011267054620854,
          1.0002064762761729,
          0.9994071076207153,
          1.0006982613184758,
          1.0005543899752225,
          1.0005899292898635,
          0.9979439951275549,
          0.9980289022838529,
          1.0006323779064359,
          0.9996669703843734,
          1.0001128255021061,
          1.0003718686244394,
          1.4970942510131313,
          1.0000055726983403,
          0.999224836395641,
          1.0004468950809169,
          0.9981618037012562,
          0.0,
          1.0004785086770247,
          0.9983277091299567,
          1.0003149764395345,
          1.000388184889879,
          0.9999696591072347,
          1.0000870091223415,
          0.9999904712831624,
          1.0005564647001701,
          1.0000438184566662,
          1.0004375302559132,
          1.000487913237085,
          1.0004044930886775,
          1.0003468207208936,
          1.0004856134688547,
          1.0004334740859357,
          0.9998987867464033,
          0.9988258454260192,
          0.9988649592479002,
          1.0006657331493447,
          1.0005708526447525,
          1.000680022127085,
          1.0007395927034843,
          1.0004017883878866,
          0.9993812512324324,
          1.0005982340847057,
          1.0006564244837057,
          1.0005763001331325,
          1.0006072535359043,
          1.0006311660479672,
          1.0004732819513626,
          1.000466676175964
        ],
        [
          1.0917793955749142,
          1.3768798677263663,
          1.0393300299731465,
          1.0467040779601278,
          1.0007548993515898,
          1.0007903940369285,
          0.9981516007556941,
          0.9982337178601169,
          1.0007532896393658,
          0.9997914075556203,
          1.0002356389871336,
          1.000493735649806,
          0.9980847550222252,
          1.000128529078993,
          0.9993506554605678,
          1.0005682844172554,
          0.9982913622516758,
          1.0004785086770247,
          0.0,
          1.4980386493611497,
          1.276450625768742,
          1.3358350242955639,
          1.2584122772141335,
          1.0003196352142514,
          1.000114880902184,
          1.0006788140906968,
          1.0002760237033768,
          1.000560296303366,
          1.0006104519603634,
          1.0005273160424542,
          1.0005778948926112,
          1.000608452529088,
          1.0005564369360067,
          1.0001374870010094,
          0.9989532120275576,
          0.9989925968042456,
          1.0008040867864676,
          1.0007243923541476,
          1.0008225764703573,
          1.0664418095691126,
          1.1289394058050986,
          0.9998062086665147,
          1.0007699983517238,
          1.0008146672361793,
          1.0006984450624226,
          1.0007292893539066,
          1.0008925640558586,
          1.00076999393309,
          1.0007635568725768
        ],
        [
          0.9992874741763169,
          0.9982752259815887,
          0.9974613910308375,
          0.9987564084974181,
          0.9985088575504096,
          0.9985465040919239,
          0.9957681186134019,
          0.9958800779114911,
          0.998616931584776,
          0.9975978018478459,
          0.9980685138816642,
          0.9983419645911451,
          0.9957644262245471,
          0.997956938954858,
          0.9971326353109985,
          0.9984228066951197,
          0.9960097728123728,
          0.9983277091299567,
          1.4980386493611497,
          0.0,
          0.998319098275723,
          0.9984001365293673,
          0.9979838281894664,
          0.998032648434125,
          0.9979147240971058,
          0.9985125084491547,
          0.9979856362077877,
          0.9983874607302476,
          0.9984404533292176,
          0.9983522705259849,
          0.9983027648722795,
          0.9984345598575889,
          0.9983794917452885,
          0.9978442164953899,
          0.9967044401998206,
          0.9967413821207186,
          0.9986226854903828,
          0.99852341897963,
          0.9986384843288044,
          0.998821214581452,
          0.9985070519555513,
          0.9972979378753796,
          0.9985641427278839,
          0.998623383668146,
          0.998543502614357,
          0.9985762047135822,
          0.9986039805877392,
          0.998437676936599,
          0.9984306609674914
        ],
        [
          1.0012403291632646,
          1.0002578712878216,
          0.9993979389924587,
          1.0007129405127266,
          1.0005149878847035,
          1.000551045504582,
          0.9978671760631657,
          0.9979537247634026,
          1.0005946375049903,
          0.9996152392767349,
          1.0000675542690405,
          1.0003303519192472,
          0.9978061710952586,
          0.9999586182742576,
          0.99916660293601,
          1.0004063902404465,
          0.9980880609729628,
          1.0003149764395345,
          1.276450625768742,
          0.998319098275723,
          0.0,
          1.4435876370425558,
          0.9999998498358409,
          1.0000412115769395,
          0.9999429755656495,
          1.0005171819484784,
          0.9999973815204628,
          1.0003965338311251,
          1.0004476317747455,
          1.000362994624767,
          1.0003047260212892,
          1.0004452460086972,
          1.0003923498585057,
          0.9998502727340277,
          0.9987617435342296,
          0.9988013910162156,
          1.00062770574413,
          1.0005312960687733,
          1.000642166521113,
          1.0007758971306033,
          1.0004713346976206,
          0.9993255820625954,
          1.000559518006066,
          1.0006185757769983,
          1.0005374951826245,
          1.0005688992900328,
          1.0005930932674432,
          1.000433136106714,
          1.0004264315022673
        ],
        [
          1.0013392111124237,
          1.0003418349274147,
          0.9994782692513764,
          1.0007937738361987,
          1.0005887021382982,
          1.0006246668806846,
          0.9979468377216584,
          0.9980323727450678,
          1.0006672265868257,
          0.9996902255458381,
          1.0001414319016988,
          1.0004035865724892,
          0.9978837920484425,
          1.0000326973377789,
          0.9992426255867839,
          1.0004793758081163,
          0.9981667414140997,
          1.000388184889879,
          1.3358350242955639,
          0.9984001365293673,
          1.4435876370425558,
          0.0,
          1.000083615237932,
          1.0001154650319715,
          1.0000180426076397,
          1.0005908329818944,
          1.000071793633889,
          1.000470462131907,
          1.0005214414732198,
          1.0004370156517466,
          1.000378484099004,
          1.0005191864633165,
          1.0004664207714842,
          0.9999246173415124,
          0.9988390083369058,
          0.9988787169128522,
          1.000701261462391,
          1.0006050492465153,
          1.0007156593388653,
          1.0008603959147564,
          1.000563435302561,
          0.9994012502537933,
          1.0006327906788437,
          1.0006917835858469,
          1.0006107355972989,
          1.000642061937582,
          1.0006661140596878,
          1.0005065486282718,
          1.0004998618666263
        ],
        [
          1.0410617502506174,
          1.4079623908196064,
          1.0170330524353444,
          1.021081783270927,
          1.0002051564548107,
          1.0002414877739039,
          0.9975439505439604,
          0.997634204803971,
          1.0002505878484274,
          0.9992656334088538,
          0.9997205260522607,
          0.9999848127527238,
          0.9974918759184828,
          0.9996112915471347,
          0.9988147430181783,
          1.0000615848346293,
          0.9977299615693574,
          0.9999696591072347,
          1.2584122772141335,
          0.9979838281894664,
          0.9999998498358409,
          1.000083615237932,
          0.0,
          0.9997645932181551,
          0.9995908723265114,
          1.000168396034668,
          0.9997199350769395,
          1.0000471554407073,
          1.000098488879801,
          1.0000133402369182,
          1.0000284490574476,
          1.0000955514418346,
          1.0000423001225351,
          0.9995856422108327,
          0.9984061813693692,
          0.9984453649844363,
          1.0002943196889662,
          1.000210193254292,
          1.000312672205703,
          1.02993243270511,
          1.0582516898083385,
          0.9991292430218253,
          1.0002384696389013,
          1.0002904312378205,
          1.0001907958699179,
          1.000222384594942,
          1.0003195780597425,
          1.0001767691579297,
          1.00017009240596
        ],
        [
          1.0010427003854971,
          1.509803602006054,
          0.9991924623936072,
          1.000495648804436,
          1.000283330093185,
          1.0003192840747606,
          0.9976457520538454,
          0.9977345559133002,
          1.0003655486370233,
          0.9993893494681817,
          0.9998401938025848,
          1.0001021317894045,
          0.9975918719268411,
          0.9997318187119265,
          0.9989423681694518,
          1.000178121879755,
          0.9978672642800632,
          1.0000870091223415,
          1.0003196352142514,
          0.998032648434125,
          1.0000412115769395,
          1.0001154650319715,
          0.9997645932181551,
          0.0,
          1.5002978968843699,
          1.5006927524943319,
          0.9997711121339099,
          1.000165382312488,
          1.0002163025132729,
          1.0001319342277386,
          1.000077094901756,
          1.0002135804660353,
          1.0001607938173505,
          0.9996511716080668,
          0.998538104917139,
          0.9985770824251125,
          1.000409294561183,
          1.000322525278262,
          1.000426287510793,
          1.0005627641483075,
          1.0002672925386025,
          0.9991008482834104,
          1.0003288205945198,
          1.000387367443733,
          1.0003069644770743,
          1.0003382675198755,
          1.000362849939801,
          1.0002032885830077,
          1.000196603151728
        ],
        [
          1.000758687644736,
          0.9998393669821191,
          0.9990311670215564,
          1.000336404106374,
          1.0001874666337798,
          1.0002237849170013,
          0.997524290214174,
          0.9976149631272369,
          1.000271708790209,
          0.9992857781231949,
          0.9997411170524328,
          1.0000056662831762,
          0.9974725683954944,
          0.9996317419343224,
          0.9988344212940491,
          1.000082491567519,
          0.9977486000212443,
          0.9999904712831624,
          1.000114880902184,
          0.9979147240971058,
          0.9999429755656495,
          1.0000180426076397,
          0.9995908723265114,
          1.5002978968843699,
          0.0,
          1.0001902939507716,
          0.9996688587129062,
          1.00006849510886,
          1.000119914619539,
          1.0000346990841502,
          0.9999778171938002,
          1.0001169509936896,
          1.0000636979723863,
          0.9995228064760947,
          0.9984258130840963,
          0.9984649867581502,
          1.000300526224408,
          1.0002037818317897,
          1.0003152448986166,
          1.0003760561958728,
          1.0000277317723911,
          0.9989942343741494,
          1.000233840561454,
          1.0002928834052647,
          1.0002119116543555,
          1.0002435281083955,
          1.0002683607325424,
          1.000107194136315,
          1.0001004400448672
        ],
        [
          1.0013427716005607,
          1.0004130727661413,
          0.9995919208773264,
          1.0009024664742505,
          1.0007586720863166,
          1.0007944992755788,
          0.9981247503875192,
          0.9982080757839153,
          1.000834682763348,
          0.999861109999046,
          1.0003107278966976,
          1.0005719634398083,
          0.9980567229961558,
          1.000202218602195,
          0.9994149372981738,
          1.0006473388152115,
          0.9983428874387152,
          1.0005564647001701,
          1.0006788140906968,
          0.9985125084491547,
          1.0005171819484784,
          1.0005908329818944,
          1.000168396034668,
          1.5006927524943319,
