Map from character to field name
A:	2_I
B:	2_II
C:	2_III
D:	2_III_related
E:	2_II_related
F:	2_IV
G:	2_I_related
H:	2_V
I:	?


Substitution rate (mu): 4.918414

Equilibrium frequencies (pi_i):
  A: 0.1173
  B: 0.1629
  C: 0.1645
  D: 0.105
  E: 0.1035
  F: 0.1136
  G: 0.1147
  H: 0.1184

Symmetrized rates from j->i (W_ij):
	A	B	C	D	E	F	G	H
  A	0	0.8624	0.8352	0.9238	0.9659	0.938	1.3773	0.9729
  B	0.8624	0	0.7544	0.8632	5.8866	0.8635	0.8685	0.8448
  C	0.8352	0.7544	0	1.6761	0.8516	0.8744	0.8391	0.9006
  D	0.9238	0.8632	1.6761	0	0.9613	0.9757	0.9224	1.0297
  E	0.9659	5.8866	0.8516	0.9613	0	0.9967	0.9512	1.0937
  F	0.938	0.8635	0.8744	0.9757	0.9967	0	0.9346	1.2003
  G	1.3773	0.8685	0.8391	0.9224	0.9512	0.9346	0	0.9603
  H	0.9729	0.8448	0.9006	1.0297	1.0937	1.2003	0.9603	0

Actual rates from j->i (Q_ij):
	A	B	C	D	E	F	G	H
  A	0	0.1012	0.098	0.1084	0.1133	0.1101	0.1616	0.1142
  B	0.1405	0	0.1229	0.1406	0.9589	0.1407	0.1415	0.1376
  C	0.1374	0.1241	0	0.2758	0.1401	0.1439	0.1381	0.1482
  D	0.097	0.0907	0.1761	0	0.101	0.1025	0.0969	0.1082
  E	0.1	0.6093	0.0882	0.0995	0	0.1032	0.0985	0.1132
  F	0.1066	0.0981	0.0993	0.1108	0.1132	0	0.1062	0.1364
  G	0.158	0.0996	0.0963	0.1058	0.1091	0.1072	0	0.1102
  H	0.1152	0.1	0.1066	0.1219	0.1295	0.1421	0.1137	0
